t 0.0 0.0 0.0
l 0.8 1.0 1.0 1.0 1.0 -1 1 # elasticity R G B A texture_id draw
y 4.0

# O <filename> <group_cobjs_level> <recalc_normals> <write_file>
# Z group_cobjs_level tx ty tz [scale [rx ry rz angle [<voxel_xy_spacing>]]]

t 0 0 0  s 1 2  M 0  m 0.05  O ../models/museum/museumhallRD.obj 4 1 0
#Z 4   0.0  0.0  0.0 # identity transform
#Z 4   2.0  1.0  1.0  1.0  0.0 0.0 1.0 90.0 # with scale and rotation

Z 4   09.0 54.0 -3.6  1.0  0.0 0.0 1.0 180.0
Z 4   20.0 55.2 -3.6
Z 4   09.0 58.0 -3.6  1.0  0.0 0.0 1.0 180.0
Z 4   20.0 59.2 -3.6
Z 4   09.0 62.0 -3.6  1.0  0.0 0.0 1.0 180.0
Z 4   20.0 63.2 -3.6
Z 4   09.0 66.0 -3.6  1.0  0.0 0.0 1.0 180.0
Z 4   20.0 67.2 -3.6
Z 4   09.0 70.0 -3.6  1.0  0.0 0.0 1.0 180.0
Z 4   20.0 71.2 -3.6
Z 4   09.0 74.0 -3.6  1.0  0.0 0.0 1.0 180.0
Z 4   20.0 75.2 -3.6
Z 4   09.0 78.0 -3.6  1.0  0.0 0.0 1.0 180.0
Z 4   20.0 79.2 -3.6
Z 4   09.0 82.0 -3.6  1.0  0.0 0.0 1.0 180.0
Z 4   20.0 83.2 -3.6
Z 4   14.0 89.0 -3.6  1.0  0.0 0.0 1.0 90.0

end
# Non-rotated case
Z 4   12.0 54.0 -3.6
Z 4   20.0 54.0 -3.6
Z 4   12.0 58.0 -3.6
Z 4   20.0 58.0 -3.6
Z 4   12.0 62.0 -3.6
Z 4   20.0 62.0 -3.6
Z 4   12.0 66.0 -3.6
Z 4   20.0 66.0 -3.6
Z 4   12.0 70.0 -3.6
Z 4   20.0 70.0 -3.6
Z 4   12.0 74.0 -3.6
Z 4   20.0 74.0 -3.6
Z 4   12.0 78.0 -3.6
Z 4   20.0 78.0 -3.6
Z 4   12.0 82.0 -3.6
Z 4   20.0 82.0 -3.6


