l 0.8 0 0 0 1 none 1 1 0 0
r 1.0 1 0 0 0
y 6
B 0.61655 0.62953 1.71783 1.72432 -0.03713 -0.02415
B 0.5192 0.52569 0.91956 0.93254 0.37823 0.39121
B -0.59708 -0.5841 -0.09288 -0.08639 -0.03713 -0.02415
B -0.59708 -0.5841 -0.015 -0.00851 -0.03713 -0.02415
l 0.9 0 0 0 1 none
y 8
e 3
a 1
C 0.55165 1.3479 0.26141 0.55165 1.3479 0.35227 0.01298 0.01298
l 0.6 0 0.1 0 1 none
r 1.0 40 0.6 0.6 0.6
y 4
e 0
C 0.87615 0.01745 0.0732 0.87615 0.01745 0.23545 0.05192 0.05192
C 0.87615 0.14725 0.0732 0.87615 0.14725 0.23545 0.05192 0.05192
l 0.9 0.05 0.05 0.05 1 none
r 1.0 1 0 0 0
y 1
e 8
B 0.09735 0.18821 -0.99499 -0.9885 0.36525 0.608625
B 0.59059 0.68145 -0.99499 -0.9885 0.36525 0.608625
l 0.25 0.1 0.1 0.1 1 none
r 1.0 0 0 0 0
e 0
C 1.07085 3.4247 1.1765 4.3483 3.4247 1.1765 0.010384 0.010384
C 1.07085 3.4247 1.1765 -4.3483 3.4247 1.1765 0.010384 0.010384
e 3
C 1.07085 3.4247 1.1765 0.74635 1.8022 0.60538 0.007788 0.007788
e 0
C 0.74635 1.8048 0.00829999 0.74635 1.8048 0.60538 0.007788 0.007788
l 0.85 0.1 0.1 0.1 1 none
r 1.0 50 0.7 0.7 0.7
y 4
B 1.03061 1.0384 0.901388 1.21031 0.36525 0.373038
B 0.9735 0.981288 0.8936 0.901388 0.2679 0.36525
B 1.03061 1.0384 0.8936 0.901388 0.2679 0.36525
B 0.7788 1.03061 1.21031 1.2181 0.31982 0.327608
B 0.981288 1.03061 0.8936 0.901388 0.31982 0.327608
B 1.03061 1.0384 0.901388 1.21031 0.31982 0.327608
B 1.03061 1.0384 1.21031 1.2181 0.2679 0.36525
B 0.7788 1.0384 1.21031 1.2181 0.36525 0.373038
B 0.9735 1.0384 0.8936 0.901388 0.36525 0.373038
l 0.4 0.7 0.7 0.7 1 none
r 1.0 0 0 0 0
y 1
e 1
C -0.03245 1.18565 0.6573 -0.03245 1.18565 0.9818 0.01947 0.01947
C -1.18767 1.6075 0.14459 -1.04489 1.6075 0.14459 0.01947 0.01947
l 0.7 1 1 1 1 none
e 0
B 0.22715 0.29205 -1.313 -1.2481 0.64432 0.6573
B 0.22715 0.29205 -1.313 -1.2481 0.2679 0.28088
B 0.7139 0.7788 -1.313 -1.2481 0.64432 0.6573
B 0.7139 0.7788 -1.313 -1.2481 0.2679 0.28088
e 3
C 0.2596 -1.28055 0.2679 0.2596 -1.28055 0.6573 0.03245 0.03245
C 0.74635 -1.28055 0.2679 0.74635 -1.28055 0.6573 0.03245 0.03245
l 0.8 1 1 1 1 none
r 1.0 1 0 0 0
y 6
e 0
a 2
C 0.256355 -0.4044 0.19002 0.256355 -0.1448 0.19002 0.005192 0.005192
C 0.256355 0.8936 0.19002 0.256355 1.1532 0.19002 0.005192 0.005192
S -0.59059 -0.08639 0.0732 0.00649
S -0.59059 -0.015 0.0732 0.00649
l 0.7 0.8 0.8 0.8 0.2 none 1 1.55 20 0
r 1.0 90 0.8 0.8 0.8
y 3
B -1.14224 -1.12926 -1.09883 -0.96903 0.0732 0.1381
l 0.7 0.9 0.9 0.9 0.1 none
y 9
e 51
a 3
B -1.0384 -0.9086 -1.28704 -1.27406 0.3328 0.5924
B -0.7788 -0.649 -1.28704 -1.27406 0.3328 0.5924
B -0.1947 -0.0649 1.76326 1.77624 0.43015 0.576175
B 0.1947 0.5841 -0.96254 -0.94956 0.381475 0.5924
B 0.22715 0.48675 1.76326 1.77624 0.3977 0.5924
B -0.9086 -0.5192 1.76326 1.77624 0.43015 0.5924
e 15
B -1.14224 -1.12926 0.0499 0.4393 0.43015 0.5924
e 51
B -0.5192 -0.3894 -1.28704 -1.27406 0.3328 0.5924
l 0.7 1 1 1 1 stucco.jpg 1 1 0 0
r 1.0 0 0 0 0
X normal_maps/stucco_NRM.jpg 1 0
e 11
a 1
B 0.48675 0.70741 1.73081 1.7373 0.43015 0.576175
B 0.48675 0.70741 1.73081 1.7373 0.3977 0.43015
B 0.48675 0.70741 1.73081 1.7373 0.23545 0.3977
e 57
B -0.9086 -0.5192 1.73081 1.7373 0.3977 0.43015
B -0.9086 -0.5192 1.73081 1.7373 0.23545 0.3977
e 9
B -1.09681 -0.9086 1.73081 1.7373 0.5924 0.6573
B -1.09681 -0.9086 1.73081 1.7373 0.576175 0.5924
B -1.09681 -0.9086 1.73081 1.7373 0.43015 0.576175
B -1.09681 -0.9086 1.73081 1.7373 0.3977 0.43015
B -1.09681 -0.9086 1.73081 1.7373 0.23545 0.3977
e 28
B -1.1033 -1.09681 -0.7938 -0.664 0.5924 0.6573
B -1.1033 -1.09681 -0.7938 -0.664 0.55995 0.5924
e 24
B -1.1033 -1.09681 0.4393 0.7638 0.5924 0.6573
B -1.1033 -1.09681 0.0499 0.4393 0.5924 0.6573
e 25
B -1.1033 -1.09681 -1.24161 -0.7938 0.23545 0.43015
e 19
B -1.1033 -1.09681 -0.664 0.0499 0.55995 0.5924
B -1.1033 -1.09681 -0.664 0.0499 0.43015 0.55995
B -1.1033 -1.09681 0.7638 1.73081 0.55995 0.5924
B -1.1033 -1.09681 0.7638 1.73081 0.43015 0.55995
B -1.1033 -1.09681 0.4393 0.7638 0.55995 0.5924
B -1.1033 -1.09681 0.4393 0.7638 0.43015 0.55995
e 17
B -1.1033 -1.09681 0.7638 1.73081 0.23545 0.43015
e 25
B -1.1033 -1.09681 -0.7938 -0.664 0.23545 0.43015
e 17
B -1.1033 -1.09681 -1.24161 -0.7938 0.5924 0.6573
B -1.1033 -1.09681 -1.24161 -0.7938 0.55995 0.5924
e 11
B -0.0649 0.22715 1.73081 1.7373 0.43015 0.576175
y 6
e 0
a 0
B -1.06436 -0.2596 -1.23512 -0.0799 0.19651 0.23545
y 9
e 35
a 1
B 0.70741 0.7139 -0.17076 0.9585 0.23545 0.5924
e 16
a 0
B 0.80476 0.87615 -0.17076 1.89955 0.6573 0.68975
e 17
a 1
B -1.1033 -1.09681 -1.24161 -0.7938 0.43015 0.55995
e 12
a 0
B 0.88264 0.94105 -0.31354 -0.17076 0.6573 0.68975
e 17
a 1
B -1.1033 -1.09681 0.4393 0.7638 0.23545 0.43015
B -1.1033 -1.09681 0.0499 0.4393 0.23545 0.43015
B -1.1033 -1.09681 -0.664 0.0499 0.23545 0.43015
e 35
B 0.70741 0.7139 -0.91711 -0.17076 0.23545 0.5924
e 24
B 0.48675 0.70741 1.73081 1.7373 0.5924 0.6573
B 0.22715 0.48675 1.73081 1.7373 0.5924 0.6573
e 20
a 0
B -0.17523 0.80476 -0.17076 0.5691 0.6573 0.68975
e 32
B -1.26555 -0.07139 0.7638 1.89955 0.6573 0.68975
e 12
B -1.26555 -0.17523 -0.17076 0.7638 0.6573 0.68975
e 16
B 0.80476 0.87615 -1.41035 -0.31354 0.6573 0.68975
e 4
B -0.07139 0.80476 0.5691 1.89955 0.6573 0.68975
e 8
B -1.26555 0.80476 -1.41035 -0.17076 0.6573 0.68975
e 24
a 1
B -0.0649 0.22715 1.73081 1.7373 0.5924 0.6573
B -0.1947 -0.0649 1.73081 1.7373 0.5924 0.6573
e 0
a 0
B 0.87615 0.94105 -0.17076 -0.11235 0.6573 0.68975
B 0.87615 0.94105 -0.37195 -0.31354 0.6573 0.68975
e 24
a 1
B -1.1033 -1.09681 -0.664 0.0499 0.5924 0.6573
B -0.5192 -0.1947 1.73081 1.7373 0.5924 0.6573
e 22
B -1.1033 -1.09681 0.7638 1.73081 0.5924 0.6573
e 40
B 0.70741 0.7139 -0.91711 -0.17076 0.5924 0.6573
e 24
B -0.9086 -0.5192 1.73081 1.7373 0.5924 0.6573
e 9
B -0.0649 0.22715 1.73081 1.7373 0.3977 0.43015
B -0.1947 -0.0649 1.73081 1.7373 0.3977 0.43015
B -0.5192 -0.1947 1.73081 1.7373 0.3977 0.43015
e 41
B 0.22715 0.48675 1.73081 1.7373 0.23545 0.3977
e 36
B -0.3245 -0.31801 -0.9885 -0.9236 0.26141 0.6573
e 41
B -0.0649 0.22715 1.73081 1.7373 0.23545 0.3977
B -0.1947 -0.0649 1.73081 1.7373 0.23545 0.3977
B -0.5192 -0.1947 1.73081 1.7373 0.23545 0.3977
e 26
B -0.0649 0.22715 1.73081 1.7373 0.576175 0.5924
B -0.1947 -0.0649 1.73081 1.7373 0.576175 0.5924
e 11
B -0.5192 -0.1947 1.73081 1.7373 0.576175 0.5924
e 33
B -0.3245 -0.31801 -1.24161 -0.9885 0.26141 0.6573
e 11
B -0.5192 -0.1947 1.73081 1.7373 0.43015 0.576175
B 0.48675 0.70741 1.73081 1.7373 0.576175 0.5924
e 33
B 0.70741 0.7139 1.1532 1.73081 0.23545 0.5924
B 0.70741 0.7139 1.1532 1.73081 0.5924 0.6573
e 44
B 0.70741 0.7139 -0.17076 0.9585 0.5924 0.6573
B 0.70741 0.7139 0.9585 1.1532 0.5924 0.6573
e 5
B -0.2596 -0.1947 -0.9236 -0.91711 0.26141 0.2679
B -0.2596 -0.1947 -0.9236 -0.91711 0.2679 0.381475
B -0.2596 -0.1947 -0.9236 -0.91711 0.381475 0.5924
B -0.2596 -0.1947 -0.9236 -0.91711 0.5924 0.6573
e 6
B 0.5841 0.70741 -0.9236 -0.91711 0.2679 0.381475
B 0.5841 0.70741 -0.9236 -0.91711 0.381475 0.5924
e 7
B 0 0.0649 -0.9236 -0.91711 0.381475 0.5924
B 0.0649 0.1947 -0.9236 -0.91711 0.381475 0.5924
e 36
B 0 0.0649 -0.9236 -0.91711 0.2679 0.381475
B 0.0649 0.1947 -0.9236 -0.91711 0.2679 0.381475
B 0.1947 0.5841 -0.9236 -0.91711 0.2679 0.381475
e 7
B 0 0.0649 -0.9236 -0.91711 0.23545 0.26141
B 0 0.0649 -0.9236 -0.91711 0.26141 0.2679
e 20
B -0.1947 0 -0.9236 -0.91711 0.5924 0.6573
B 0 0.0649 -0.9236 -0.91711 0.5924 0.6573
B 0.0649 0.1947 -0.9236 -0.91711 0.5924 0.6573
B 0.1947 0.5841 -0.9236 -0.91711 0.5924 0.6573
B 0.5841 0.70741 -0.9236 -0.91711 0.5924 0.6573
e 33
B -0.3245 -0.31801 -1.24161 -0.9885 0.23545 0.26141
r 1.0 1 0 0 0
e 2
B -0.29205 -0.2596 1.18565 1.73081 0.23545 0.2679
e 0
B -0.3245 -0.2596 1.1532 1.73081 0.2679 0.6573
B 0 0.0649 1.2181 1.73081 0.23545 0.6573
B -0.3245 -0.2596 -0.9236 -0.8587 0.26141 0.6573
B 0.5192 0.70741 0.8936 0.9585 0.5924 0.6573
B 0 0.2596 0.8936 0.9585 0.26141 0.3977
B 0 0.0649 -0.91711 -0.5991 0.23545 0.3977
B -0.3245 -0.2596 -0.015 0.3744 0.5924 0.6573
B -0.3245 -0.2596 0.4393 0.634 0.5924 0.6573
B -0.2596 -0.0649 1.1532 1.2181 0.5924 0.6573
B -0.3245 -0.2596 0.6989 0.8936 0.5924 0.6573
B -0.0649 0 0.4393 0.6989 0.5924 0.6573
B -0.0649 0 -0.015 0.4393 0.23545 0.6573
B 0.4543 0.5192 0.1797 0.9585 0.23545 0.6573
B -0.0649 0.0649 1.1532 1.2181 0.23545 0.6573
B -1.09681 0.3894 -0.0799 -0.015 0.5924 0.6573
B 0 0.4543 0.8936 0.9585 0.5924 0.6573
B -0.3245 -0.2596 0.9585 1.1532 0.5924 0.6573
B 0.4543 0.5192 -0.015 0.1797 0.5924 0.6573
e 4
B -0.3245 -0.2596 -0.5991 -0.0799 0.2679 0.6573
e 0
B -0.3245 -0.2596 -0.664 -0.5991 0.26141 0.6573
e 2
B -0.0649 0 -0.0799 -0.015 0.23545 0.2679
B -1.09681 0.1298 -0.0799 -0.015 0.2679 0.5924
e 0
B 0.3894 0.70741 -0.0799 -0.015 0.2679 0.6573
B -0.3245 -0.0649 0.3744 0.4393 0.2679 0.6573
e 16
B -1.09681 -0.2596 0.634 0.6989 0.2679 0.6573
e 0
B -0.5192 -0.4543 0.6989 0.8936 0.2679 0.6573
B -0.5192 -0.2596 0.8936 0.9585 0.2679 0.6573
e 4
B -0.0649 0 0.8936 0.9585 0.26141 0.6573
e 0
B -0.0649 0 0.6989 0.8936 0.23545 0.6573
B 0.5192 0.70741 0.1797 0.2446 0.23545 0.6573
B -0.3245 -0.2596 -0.8587 -0.664 0.5924 0.6573
l 0.8 0.8 0.6 0.4 1 marble.jpg
r 1.0 50 0.4 0.4 0.4
y 8
X none
C 0.55165 1.3479 0.35227 0.55165 1.3479 0.36525 0.13629 0.13629
l 0.95 1 1 1 1 marble.jpg
r 1.0 60 0.6 0.6 0.6
y 9
B 0 0.26609 0.88711 0.96499 0.3977 0.40419
y 3
e 16
B 0.5841 0.61655 -0.11235 -0.09288 -0.17991 -0.17342
B 0.5841 0.61655 -0.39142 -0.37195 -0.17991 -0.17342
e 0
B 0.55165 0.5841 -0.39142 -0.09288 -0.17991 -0.17342
l 0.7 1 1 1 0.3 marble.jpg 1 1.55 40 0
r 1.0 90 0.8 0.8 0.8
y 1
e 4
a 3
B -1.15522 -1.11628 -0.7938 -0.664 0.43015 0.55995
l 0.7 0.4 0.3 0.2 1 bark2.jpg 1 1 0 0
r 1.0 1 0 0 0
y 6
e 0
a 1
C 0.7139 -0.28758 -0.15395 0.7139 -0.19672 -0.15395 0.01298 0.01298
l 0.75 0.6 0.5 0.1 1 bark2.jpg
y 3.8
X normal_maps/bark2_NRM.jpg 1 1
a 2
B 0.09735 0.1298 2.581 2.61345 -0.2513 0.15108
B 0.7139 0.74635 2.581 2.61345 -0.2513 0.15108
a 1
B -0.21417 -0.17523 0.56261 0.60155 0.68975 1.09213
B -0.21417 -0.17523 -0.11235 -0.07341 0.68975 1.09213
B -0.21417 -0.17523 -0.11235 0.60155 1.09213 1.13107
a 2
B 0.1298 0.7139 2.581 2.61345 0.10565 0.15108
B 0.7139 0.74635 1.8022 2.581 0.10565 0.15108
B 0.09735 0.1298 1.8022 2.581 0.10565 0.15108
B 0.405625 0.438075 1.81843 2.17537 0.28737 0.31982
a 1
P 4 -1.2331 -1.3779 0.6603 -1.2331 -1.3779 0.683015 -0.1947 -0.11235 1.13731 -0.1947 -0.11235 1.1146 0.03894
P 4 0.8437 -1.3779 0.6603 0.8437 -1.3779 0.683015 -0.1947 -0.11235 1.13731 -0.1947 -0.11235 1.1146 0.03894
P 4 -1.2331 1.8671 0.6603 -1.2331 1.8671 0.683015 -0.1947 0.60155 1.13731 -0.1947 0.60155 1.1146 0.03894
P 4 0.8437 1.8671 0.6603 0.8437 1.8671 0.683015 -0.1947 0.60155 1.13731 -0.1947 0.60155 1.1146 0.03894
a 2
P 4 0.113575 2.59722 0.121875 0.113575 2.59722 0.154325 0.42185 2.17537 0.31982 0.42185 2.17537 0.28737 0.03245
P 4 0.730125 2.59722 0.121875 0.730125 2.59722 0.154325 0.42185 2.17537 0.31982 0.42185 2.17537 0.28737 0.03245
l 0.7 0.7 0.4 0.2 1 bark2.jpg
r 1.0 0 0 0 0
y 5
B -0.14927 0.23364 -3.1594 -3.13345 0.34578 0.37174
B 0.24013 0.62304 -3.1594 -3.13345 0.34578 0.37174
B 0.62953 1.01244 -3.1594 -3.13345 0.34578 0.37174
B -0.14927 0.23364 -3.1594 -3.13345 0.25492 0.28088
B 0.24013 0.62304 -3.1594 -3.13345 0.25492 0.28088
B 0.62953 1.01244 -3.1594 -3.13345 0.25492 0.28088
a 1
C -0.146025 -3.14643 0.1381 -0.146025 -3.14643 0.3977 0.01947 0.01947
C 0.243375 -3.14643 0.1381 0.243375 -3.14643 0.3977 0.01947 0.01947
C 0.632775 -3.14643 0.1381 0.632775 -3.14643 0.3977 0.01947 0.01947
C 1.02218 -3.14643 0.1381 1.02218 -3.14643 0.3977 0.01947 0.01947
l 0.1 0.1 0.4 0.2 1 hedges.jpg
y 4
X none
B 0.08437 0.62953 -1.52717 -1.32598 0.1381 0.35227
e 4
B 0.08437 0.62953 -1.32598 -1.313 0.1381 0.203
B 0.08437 0.62953 -1.32598 -1.313 0.2679 0.35227
Y 0 0 1
e 1
C 0.0649 -1.42982 0.17055 0.0649 -1.42982 0.68975 0.18172 0
C 0.649 -1.42982 0.17055 0.649 -1.42982 0.68975 0.18172 0
e 3
C -0.07788 1.9969 -0.21885 -0.07788 1.9969 -0.02415 0.09735 0.09735
C -0.07788 2.1916 -0.21885 -0.07788 2.1916 -0.02415 0.09735 0.09735
C -0.07788 2.3863 -0.21885 -0.07788 2.3863 -0.02415 0.09735 0.09735
e 0
S -0.07788 1.9969 -0.02415 0.09735
S -0.07788 2.1916 -0.02415 0.09735
S -0.07788 2.3863 -0.02415 0.09735
l 0.1 0.3 0.5 0.3 1 hedges.jpg
Y 0 0 0
e 31
B -2.2715 -1.4278 -3.1302 -3.0004 0.0732 0.1381
e 63
B -3.8291 -1.4278 2.1916 2.35385 -0.0566 0.00829999
B -1.4278 -1.298 -3.1302 -1.6375 0.0732 0.1381
l 0.7 0.3 0.2 0.1 1 brick1.bmp
r 1.0 1 0 0 0
y 6
e 0
B -0.7788 -0.649 -0.3395 -0.2746 0.2679 0.6573
l 0.9 0.4 0.2 0.1 1 manhole.jpg
r 1.0 0 0 0 0
y 7.21
Y 0.01 -0.05 0
X normal_maps/manhole_NRM.jpg 1 0
C 0.89562 3.39874 -0.2513 0.89562 3.39874 -0.216903 0.068145 0.068145
l 0 1 1 1 1 @plasma
r 1.0 1 0 0 0
y 10
Y 0 0 0
X none
S 0.7139 -0.24215 -0.15395 0.02596
l 0.75 0.6 0.6 0.6 1 shingles.jpg
y 2.5
X normal_maps/shingles_NRM.jpg 1 1
a 0
P 3 -0.1947 0.634 1.14405 -1.23959 1.87359 0.68975 0.85019 1.87359 0.68975 0
P 4 -1.23959 -1.38439 0.68975 -1.23959 1.87359 0.68975 -0.1947 0.634 1.14405 -0.1947 -0.1448 1.14405 0
P 4 0.85019 -1.38439 0.68975 -0.1947 -0.1448 1.14405 -0.1947 0.634 1.14405 0.85019 1.87359 0.68975 0
P 3 0.85019 -1.38439 0.68975 -1.23959 -1.38439 0.68975 -0.1947 -0.1448 1.14405 0
l 0.75 0.9 0.9 0.9 1 shingles.jpg
P 4 0.42185 1.79571 0.3328 0.42185 2.1916 0.3328 0.7788 2.6459 0.1381 0.7788 1.79571 0.1381 0
P 4 0.42185 1.79571 0.3328 0.0649 1.79571 0.1381 0.0649 2.6459 0.1381 0.42185 2.1916 0.3328 0
P 3 0.42185 2.1916 0.3328 0.0649 2.6459 0.1381 0.7788 2.6459 0.1381 0
l 0.6 1 1 1 1 paneling.png
r 1.0 0 0 0 0
y 4
X normal_maps/paneling_NRM.jpg 1 1
a 1
B 0.4543 0.5192 0.1797 0.9585 0.18353 0.23545
B 0.5192 0.70092 0.1797 0.2446 0.18353 0.23545
r 1.0 1 0 0 0
y 10
e 4
B -0.3245 -0.2596 -0.9885 0.5691 -0.1864 0.19651
e 0
B -0.03245 0.0649 1.2181 1.4128 -0.1864 0.203
B -0.03245 0.0649 1.4777 1.72432 -0.183155 0.203
e 16
B -0.1298 0.1298 0.5042 0.5691 -0.17991 0.19002
e 0
B -0.2596 -0.1298 0.5042 0.5691 -0.17991 0.203
B 0.3245 0.4543 0.5042 0.5691 -0.17991 0.19002
B 0.4543 0.5192 0.4393 0.9585 -0.17991 0.18353
B 0.1298 0.3245 0.5042 0.5691 0.1381 0.19002
B -0.3245 -0.25311 1.1532 1.2181 -0.1864 0.203
e 16
B -0.25311 0.0649 1.1532 1.2181 -0.1864 0.15108
B -0.25311 -0.230395 1.1532 1.2181 0.15757 0.19651
e 0
B -0.20119 0.0649 1.1532 1.2181 0.19651 0.203
e 2
B -0.223905 0.0649 1.1532 1.2181 0.15757 0.19651
e 3
B -0.20119 0.0649 1.1532 1.2181 0.15108 0.15757
e 0
B -1.06436 -0.649 1.1532 1.2181 -0.1864 0.203
B -0.7139 -0.649 1.4128 1.72432 -0.1864 0.203
e 3
B -0.20119 0.0649 1.4128 1.4777 0.15108 0.15757
e 2
B -0.223905 0.0649 1.4128 1.4777 0.15757 0.19651
e 0
B -0.20119 0.0649 1.4128 1.4777 0.19651 0.203
B -0.3894 -0.25311 1.4128 1.4777 -0.1864 0.203
e 16
B -0.25311 0.0649 1.4128 1.4777 -0.1864 0.15108
e 0
B -0.2596 -0.1298 -0.9236 0.5042 0.1381 0.203
B -0.29205 -0.1298 0.5691 1.1532 0.1381 0.203
e 20
B 0.69443 0.70092 -0.9885 -0.95605 -0.17991 0.19002
e 16
B -0.25311 -0.230395 1.4128 1.4777 0.15757 0.19651
e 20
B -0.1298 0.69443 -0.9885 -0.9236 -0.17991 0.19002
e 4
B -0.2596 -0.1298 -0.9885 -0.9236 -0.17991 0.203
e 1
B -0.3245 -0.2596 -0.0799 0.5691 0.19651 0.203
e 0
B -1.06436 -0.5192 -0.0799 -0.015 -0.1864 0.203
B 0.51271 0.5192 0.1148 0.1797 -0.17991 -0.1215
B 0.51271 0.5192 0.1797 0.2446 -0.17991 -0.08905
B 0.51271 0.5192 0.2446 0.3095 -0.17991 -0.0566
B 0.51271 0.5192 0.3095 0.3744 -0.17991 -0.02415
B 0.51271 0.5192 0.3744 0.4393 -0.17991 0.00830001
e 36
B 0.69443 0.70092 0.9585 1.1532 -0.17991 0.19002
e 11
B 0.5841 0.70092 1.72432 1.7373 -0.1864 0.219225
e 8
B 0.1947 0.5841 1.72432 1.7373 0.1381 0.219225
e 11
B -0.68145 0.1947 1.72432 1.7373 -0.1864 0.219225
e 33
B 0.69443 0.70092 0.2446 0.9585 0.18353 0.23545
e 36
B 0.69443 0.70092 0.1797 0.9585 -0.17991 0.18353
e 32
B 0.69443 0.70092 -0.13831 0.1797 -0.17991 0.19002
e 33
B 0.70092 0.7139 -0.9236 -0.34599 0.203 0.23545
B 0.70092 0.7139 -0.95605 -0.34599 0.19002 0.203
e 32
B 0.69443 0.7139 -0.95605 -0.34599 -0.17991 0.19002
e 43
B 0.70092 0.7139 -0.95605 -0.13831 -0.1864 -0.17991
e 44
B 0.69443 0.7139 -0.34599 -0.13831 -0.17991 -0.16693
e 19
B -1.1033 -1.06436 -0.04745 1.18565 -0.1864 0.219225
e 39
B 0.70092 0.7139 1.1532 1.72432 -0.1864 -0.17991
e 57
B 0.70092 0.7139 -0.13831 0.9585 -0.1864 0.23545
e 45
B 0.70092 0.7139 -0.34599 -0.13831 0.19002 0.23545
e 44
B 0.69443 0.7139 -0.34599 -0.13831 -0.00467999 0.19002
e 37
B 0.70092 0.7139 0.9585 1.72432 0.19002 0.23545
e 61
B 0.70092 0.7139 0.9585 1.1532 -0.1864 0.19002
e 36
B 0.69443 0.7139 1.1532 1.72432 -0.17991 0.19002
l 0.85 0.4 0.4 0.4 1 cblock.png
r 1.0 0 0 0 0
y 4
X normal_maps/cblock_NRM.jpg 1 1
e 35
a 0
B -3.1152 -1.4278 2.35385 2.54855 -0.0566 0.00829999
e 32
B -3.1152 -1.4278 2.3214 2.54855 0.00829999 0.0732
B -3.1152 -1.4278 2.3214 2.54855 -0.1215 -0.0566
e 0
B -1.4278 -1.298 2.3214 2.54855 -0.1215 0.0732
l 0.9 0.6 0.6 0.6 1 cblock.png
r 1.0 1 0 0 0
y 6
a 1
B 0 0.0649 1.8022 2.581 -0.2513 -0.1215
B 0.0649 0.16225 2.5161 2.57451 -0.21885 -0.1215
l 0.9 1 1 1 1 cblock.png
y 10
e 33
B -0.33099 -0.3245 -0.0799 -0.015 0.19651 0.203
e 32
B -0.33099 -0.3245 -0.99499 -0.015 -0.183155 0.19651
e 8
B -1.06436 -0.5192 -0.08639 -0.0799 -0.183155 0.19651
e 9
B -0.2596 0.70092 -0.99499 -0.9885 0.19651 0.203
e 8
B -0.3245 0.70092 -0.99499 -0.9885 -0.1864 0.19651
e 34
B -0.33099 -0.3245 -0.0799 -0.015 -0.1864 -0.183155
e 21
B -1.1033 -1.06436 -0.96903 -0.04745 -0.1864 0.0732
e 33
B 0.70092 0.7139 -1.23512 -0.95605 -0.1864 0.203
e 1
B -0.3245 -0.2596 -1.23512 -1.15075 -0.1864 0.19651
e 11
B -1.06436 -0.68145 1.72432 1.7373 -0.1864 0.219225
e 19
B -1.1033 -1.06436 -0.96903 -0.04745 0.0732 0.1381
B -1.1033 -1.06436 1.18565 1.72432 -0.1864 0.219225
e 21
B -0.2596 0.70092 -1.2481 -1.23512 -0.1864 0.203
e 7
B -1.06436 -0.2596 -1.2481 -1.23512 -0.1864 0.219225
e 18
B -1.1033 -1.06436 -1.23512 -1.09883 0.1381 0.219225
B -1.1033 -1.06436 -1.09883 -0.96903 0.1381 0.219225
B -1.1033 -1.06436 -0.96903 -0.04745 0.1381 0.219225
e 19
B -1.1033 -1.06436 -1.23512 -1.09883 -0.1864 0.0732
B -1.1033 -1.06436 -1.23512 -1.09883 0.0732 0.1381
e 21
B -1.1033 -1.06436 -1.09883 -0.96903 -0.1864 0.0732
l 0.6 0.9 0.7 0.5 1 fence.jpg
r 1.0 0 0 0 0
y 8
X normal_maps/fence_NRM.jpg 1 1
e 2
a 0
B -0.1298 0.0649 1.1532 1.72432 0.203 0.23545
e 0
B -1.06436 -0.1298 -0.0799 1.72432 0.203 0.23545
l 0.6 1 1 1 1 fence.jpg
y 4
a 1
B -1.5576 -1.4927 4.2684 4.36575 -0.2513 -0.15395
B 3.245 3.3099 4.2684 4.36575 -0.2513 -0.02415
B -1.4927 -1.4278 4.2684 4.36575 -0.2513 -0.1215
B 3.3099 3.3748 4.2684 4.36575 -0.2513 -0.0566
B -1.4278 -1.3629 4.2684 4.36575 -0.2513 -0.08905
B 3.3748 3.4397 4.2684 4.36575 -0.2513 -0.08905
B -1.3629 -1.298 4.2684 4.36575 -0.2513 -0.0566
B 3.4397 3.5046 4.2684 4.36575 -0.2513 -0.1215
B 3.5046 3.5695 4.2684 4.36575 -0.2513 -0.15395
B -1.298 -1.2331 4.2684 4.36575 -0.2513 -0.02415
B -1.2331 3.245 4.2684 4.36575 -0.2513 0.00829999
B 3.5695 3.6344 4.2684 4.36575 -0.2513 -0.1864
B 3.6344 3.6993 4.2684 4.36575 -0.2513 -0.21885
l 0.7 0.05 0.5 0.05 1 noise.png
y 5
X normal_maps/dirt_normal.jpg 1 1
e 1
a 0
B -1.06436 -0.3245 -1.23512 -0.0799 -0.2513 -0.183155
l 0.75 0.15 0.15 0.5 1 noise.png
y 9
B -1.09681 -0.5192 0.6989 0.8936 0.23545 0.2679
B -1.09681 -0.29205 0.8936 1.73081 0.23545 0.2679
l 0.4 0.2 0.1 0.05 1 noise.png
y 7
B -0.5192 -0.3245 -0.015 0.5042 -0.1864 -0.17991
l 0.85 0.2 0.2 0.2 1 noise.png
y 1
B -4.4132 4.3483 -4.4282 -3.26 0.0732 0.237072
l 0.95 0.26 0.26 0.26 1 noise.png
X none
e 0
a 1
B -0.230395 -0.223905 1.1532 1.72432 0.15757 0.19651
B -0.25311 -0.20119 1.1532 1.72432 0.15108 0.15757
B -0.25311 -0.20119 1.1532 1.72432 0.19651 0.203
l 0.8 0.3 0.3 0.3 1 noise.png
y 8
e 1
a 0
B -1.06436 -0.3245 -0.0799 1.4777 -0.2513 -0.1864
B -0.3245 0 1.1532 1.4777 -0.2513 -0.1864
B -1.06436 -0.649 1.4777 1.72432 -0.2513 -0.1864
e 0
B -0.2596 0.79178 -1.32598 -0.9885 0.203 0.2679
B -0.3245 0.7139 -1.2481 -0.9236 -0.2513 -0.1864
l 0.9 0.35 0.32 0.3 1 noise.png
r 1.0 1 0 0 0
y 2
X normal_maps/dirt_normal.jpg 1 1
B 0.0649 0.7139 1.8022 2.581 -0.2513 -0.21885
B 0.1947 0.5841 1.72432 1.8022 -0.2513 -0.1864
l 0.8 0.36 0.22 0.15 1 noise.png
r 1.0 0 0 0 0
y 10
e 8
B -0.2596 0.70092 -0.9885 -0.9236 -0.1864 -0.17991
e 1
B -0.3245 -0.2596 0.5691 1.1532 -0.2513 -0.17991
B 0.0649 0.70092 1.1532 1.72432 -0.2513 -0.17991
B -0.2596 0.70092 -0.9236 1.1532 -0.2513 -0.17991
l 0.7 0.36 0.22 0.15 1 noise.png
r 1.0 1 0 0 0
e 0
B 0.5192 0.69443 0.8936 0.9585 0.17055 0.23545
B 0.5192 0.69443 0.8287 0.8936 0.1381 0.203
B 0.5192 0.69443 0.7638 0.8287 0.10565 0.17055
B 0.5192 0.69443 0.6989 0.7638 0.0732 0.1381
B 0.5192 0.69443 0.634 0.6989 0.04075 0.10565
B 0.5192 0.69443 0.5691 0.634 0.00829997 0.0732
B 0.5192 0.69443 0.5042 0.5691 -0.02415 0.04075
B 0.5192 0.69443 0.4393 0.5042 -0.0566 0.00829997
B 0.5192 0.69443 0.3744 0.4393 -0.08905 -0.02415
B 0.5192 0.69443 0.3095 0.3744 -0.1215 -0.0566
B 0.5192 0.69443 0.2446 0.3095 -0.15395 -0.08905
B 0.5192 0.69443 0.1797 0.2446 -0.17991 -0.1215
B 0.70092 0.7139 0.1148 0.1797 -0.21885 -0.1864
B 0.5192 0.69443 0.1148 0.1797 -0.17991 -0.15395
l 0.9 0.4 0.35 0.25 1 noise.png
y 4
B 0.7788 0.9735 0.5691 0.634 -0.2513 0.10565
B 0.7788 0.9735 0.634 0.6989 -0.2513 0.1381
B 0.7788 0.9735 0.6989 0.7638 -0.2513 0.17055
B 0.7788 0.9735 0.7638 0.8287 -0.2513 0.203
B 0.7788 1.0384 -0.04745 0.5691 -0.2513 0.0732
B 0.7788 1.0384 0.8936 1.2181 -0.2513 0.2679
B 0.7788 0.9735 0.8287 0.8936 -0.2513 0.23545
B 0.70741 0.7788 0.9585 1.1532 0.23545 0.2679
e 8
B 0.9086 1.0384 -0.0799 -0.04745 -0.2513 0.0732
l 0.75 0.5 0.4 0.05 1 noise.png
r 1.0 0 0 0 0
y 9
e 1
B -0.0649 0 0.4393 0.6989 0.23545 0.2679
B -0.5192 -0.29205 0.6989 0.8936 0.23545 0.2679
B -0.29205 -0.0649 0.4393 1.18565 0.23545 0.2679
B 0 0.4543 0.1797 0.8936 0.23545 0.2679
B 0.0649 0.70741 -0.9885 -0.5991 0.23545 0.2679
B 0 0.70741 -0.5991 0.1797 0.23545 0.2679
B -0.3245 0 -0.5991 -0.0799 0.23545 0.2679
l 0.75 0.5 0.9 0.5 1 noise.png
B -1.09681 -0.3245 -1.24161 -0.0799 0.23545 0.2679
l 0.5 0.6 0.4 0.2 1 noise.png
r 1.0 1 0 0 0
y 10
X none
e 16
a 1
B 0.70092 0.7139 -1.2481 -1.23512 -0.1864 -0.17342
e 0
B 0.5192 0.70092 -1.23512 -0.99499 -0.1864 -0.17342
l 0.75 0.6 0.6 0.9 1 noise.png
r 1.0 0 0 0 0
y 9
X normal_maps/dirt_normal.jpg 1 1
e 1
a 0
B -0.2596 -0.0649 1.18565 1.2181 0.23545 0.2679
B -0.2596 0 1.2181 1.73081 0.23545 0.2679
l 0.75 0.7 0.6 0.5 1 noise.png
B -0.0649 0.0649 0.8936 1.1532 0.23545 0.26141
B 0.0649 0.70741 0.9585 1.73081 0.23545 0.26141
B 0.0649 0.4543 0.8936 0.9585 0.23545 0.26141
l 0.75 0.9 0.7 0.7 1 noise.png
B -0.29205 -0.0649 -0.0799 0.4393 0.23545 0.2679
B -1.09681 -0.29205 -0.0799 0.6989 0.23545 0.2679
l 0.7 0.4 0.3 0.1 1 wood.jpg
r 1.0 1 0 0 0
y 6
X normal_maps/wood_NRM.jpg 1 1
e 0
a 1
B -0.7788 -0.649 -0.2746 -0.0799 0.2679 0.30035
l 0.8 0.6 0.5 0.35 1 wood.jpg
r 1.0 0 0 0 0
y 8
Y 0 0 1
B -1.09681 -0.78529 -0.32652 -0.28758 0.2679 0.6573
B -0.92807 -0.52569 0.90658 0.94552 0.2679 0.6573
B -0.31152 -0.27258 -0.00851 0.19917 0.2679 0.5924
B -0.64251 -0.53867 -0.32652 -0.28758 0.2679 0.6573
l 0.7 0.6 0.6 0.6 1 wood.jpg
r 1.0 1 0 0 0
y 4
Y 0 0 0
B -0.00649 0 -0.9236 -0.59261 0.3977 0.40419
e 16
B 0 0.07139 -0.91711 -0.59261 0.3977 0.40419
e 3
C 0.03245 -0.82625 0.3977 0.03245 -0.82625 0.6573 0.010384 0.010384
C 0.03245 -0.7289 0.3977 0.03245 -0.7289 0.6573 0.010384 0.010384
C 0.03245 -0.63155 0.3977 0.03245 -0.63155 0.6573 0.010384 0.010384
l 0.7 0.65 0.3 0.15 1 wood.jpg
r 1.0 0 0 0 0
y 1
e 0
C 1.07085 3.4247 -0.28375 1.07085 3.4247 1.6308 0.03894 0.03894
l 0.75 1 1 1 1 wood.jpg
y 6
e 5
B -1.09681 -1.0384 -1.2481 -1.24161 0.23545 0.3328
B -0.9086 -0.7788 -1.2481 -1.24161 0.23545 0.3328
B -0.7788 -0.649 -1.2481 -1.24161 0.23545 0.3328
B -0.649 -0.5192 -1.2481 -1.24161 0.23545 0.3328
B -0.5192 -0.3894 -1.2481 -1.24161 0.23545 0.3328
B -1.0384 -0.9086 -1.2481 -1.24161 0.23545 0.3328
B -1.09681 -1.0384 -1.2481 -1.24161 0.3328 0.5924
B -1.09681 -1.0384 -1.2481 -1.24161 0.5924 0.6573
e 20
B -1.0384 -0.9086 -1.2481 -1.24161 0.5924 0.6573
B -0.7788 -0.649 -1.2481 -1.24161 0.5924 0.6573
B -0.9086 -0.7788 -1.2481 -1.24161 0.5924 0.6573
B -0.649 -0.5192 -1.2481 -1.24161 0.5924 0.6573
B -0.3894 -0.31801 -1.2481 -1.24161 0.5924 0.6573
e 7
B -0.3894 -0.31801 -1.2481 -1.24161 0.3328 0.5924
e 5
B -0.3894 -0.31801 -1.2481 -1.24161 0.23545 0.3328
e 7
B -0.9086 -0.7788 -1.2481 -1.24161 0.3328 0.5924
e 20
B -0.5192 -0.3894 -1.2481 -1.24161 0.5924 0.6573
e 7
B -0.649 -0.5192 -1.2481 -1.24161 0.3328 0.5924
l 0.9 1 1 1 1 hb_brick.png
y 8
X normal_maps/hb_brick_NRM.jpg 1 1
e 5
a 0
B -0.2596 -0.0649 -1.32598 -1.313 0.1381 0.203
e 1
B -1.1033 -0.2596 -3.26 -1.313 0.1381 0.232205
B -0.2596 -0.0649 -1.6375 -1.32598 0.1381 0.232205
l 0.5 0.8 0.8 0.8 1 particleb.png
y 4
X normal_maps/particleb_NRM.jpg 1 1
e 0
B -0.1298 0.70092 -0.9885 0.1797 0.19002 0.23545
B -0.1298 0.0649 0.9585 1.1532 0.19002 0.23545
B 0.0649 0.70092 0.9585 1.72432 0.19002 0.23545
e 2
B -0.1298 0.4543 0.1797 0.9585 0.19002 0.23545
l 0.75 0.3 0.3 0.3 1 tile.png
y 6
X normal_maps/tile_NRM.jpg 1 1
e 1
B -0.3245 0 -0.9885 -0.5991 0.23545 0.26141
l 0.75 1 1 1 1 tile.png
y 10
B -0.649 0.0649 1.4777 1.72432 -0.2513 -0.183155
l 0.9 0.8 0.5 0.5 1 brickwork.jpg
y 3
X normal_maps/brickwork_normal.jpg 1 0
e 37
a 1
B -0.5192 -0.1947 1.7373 1.8022 0.203 0.3977
B -0.1947 -0.0649 1.7373 1.8022 0.203 0.3977
B -0.0649 0.22715 1.7373 1.8022 0.203 0.3977
B 0.22715 0.48675 1.7373 1.8022 0.203 0.3977
e 5
B -0.5192 -0.1947 1.7373 1.8022 0.3977 0.43015
B -0.1947 -0.0649 1.7373 1.8022 0.3977 0.43015
B -0.0649 0.22715 1.7373 1.8022 0.3977 0.43015
e 20
B -0.9086 -0.5192 1.7373 1.8022 0.5924 0.6573
B -0.5192 -0.1947 1.7373 1.8022 0.5924 0.6573
B -0.1947 -0.0649 1.7373 1.8022 0.5924 0.6573
B -0.0649 0.22715 1.7373 1.8022 0.5924 0.6573
B 0.22715 0.48675 1.7373 1.8022 0.5924 0.6573
e 19
B 0.7139 0.7788 -0.9236 -0.37195 0.203 0.23545
B 0.7139 0.7788 -0.9236 -0.37195 0.23545 0.5924
B 0.7139 0.7788 -0.37195 0.9585 0.203 0.23545
B 0.7139 0.7788 -0.37195 0.9585 0.23545 0.5924
e 21
B 0.7139 0.7788 0.9585 1.1532 0.203 0.23545
B 0.7139 0.7788 1.1532 1.7373 0.203 0.23545
e 17
B 0.7139 0.7788 1.1532 1.7373 0.23545 0.5924
B 0.7139 0.7788 1.1532 1.7373 0.5924 0.6573
e 28
B 0.7139 0.7788 -0.37195 0.9585 0.5924 0.6573
B 0.7139 0.7788 0.9585 1.1532 0.5924 0.6573
e 9
B -0.2596 -0.1947 -0.9885 -0.9236 0.26141 0.2679
B -0.2596 -0.1947 -0.9885 -0.9236 0.2679 0.381475
B -0.2596 -0.1947 -0.9885 -0.9236 0.381475 0.5924
B -0.2596 -0.1947 -0.9885 -0.9236 0.5924 0.6573
e 11
B 0 0.0649 -0.9885 -0.9236 0.381475 0.5924
e 24
B -0.3894 -0.2596 -1.313 -1.2481 0.5924 0.6573
e 10
B 0.5841 0.70092 -0.9885 -0.9236 0.2679 0.381475
B 0.5841 0.70092 -0.9885 -0.9236 0.381475 0.5924
B 0.70092 0.70741 -0.9885 -0.9236 0.2679 0.381475
B 0.70092 0.70741 -0.9885 -0.9236 0.381475 0.5924
B 0.70741 0.7788 -0.9885 -0.9236 0.2679 0.381475
B 0.70741 0.7788 -0.9885 -0.9236 0.381475 0.5924
e 11
B 0.70741 0.7788 -0.9885 -0.9236 0.203 0.23545
B 0.70741 0.7788 -0.9885 -0.9236 0.23545 0.26141
B 0.70741 0.7788 -0.9885 -0.9236 0.26141 0.2679
e 40
B 0 0.0649 -0.9885 -0.9236 0.2679 0.381475
B 0.0649 0.1947 -0.9885 -0.9236 0.2679 0.381475
B 0.1947 0.5841 -0.9885 -0.9236 0.2679 0.381475
e 11
B 0 0.0649 -0.9885 -0.9236 0.23545 0.26141
B 0 0.0649 -0.9885 -0.9236 0.26141 0.2679
e 24
B -0.1947 -0.1298 -0.9885 -0.9236 0.5924 0.6573
B -0.1298 0 -0.9885 -0.9236 0.5924 0.6573
B 0 0.0649 -0.9885 -0.9236 0.5924 0.6573
B 0.0649 0.1947 -0.9885 -0.9236 0.5924 0.6573
B 0.1947 0.5841 -0.9885 -0.9236 0.5924 0.6573
B 0.5841 0.70092 -0.9885 -0.9236 0.5924 0.6573
B 0.70092 0.70741 -0.9885 -0.9236 0.5924 0.6573
B 0.70741 0.7788 -0.9885 -0.9236 0.5924 0.6573
e 9
B -0.2596 -0.1947 -0.9885 -0.9236 0.203 0.23545
B -0.1947 -0.1298 -0.9885 -0.9236 0.203 0.23545
e 11
B 0.0649 0.1947 -0.9885 -0.9236 0.381475 0.5924
e 7
B -0.0649 0.22715 1.7373 1.8022 0.43015 0.576175
e 20
B 0.48675 0.7788 1.7373 1.8022 0.5924 0.6573
e 11
B -0.649 -0.5192 -1.313 -1.2481 0.3328 0.5924
B -0.9086 -0.7788 -1.313 -1.2481 0.3328 0.5924
B -0.3894 -0.2596 -1.313 -1.2481 0.3328 0.5924
e 17
B -0.31801 -0.2596 -1.2481 -0.9885 0.23545 0.6573
e 41
B 0.70092 0.70741 -0.9885 -0.9236 0.203 0.23545
e 26
B 0.7139 0.7788 -0.9236 -0.37195 0.5924 0.6573
e 38
B -1.1682 -1.1033 0.7638 1.7373 0.5924 0.6573
e 9
B -1.1682 -1.0384 -1.313 -1.2481 0.203 0.3328
B -1.0384 -0.9086 -1.313 -1.2481 0.203 0.3328
B -0.9086 -0.7788 -1.313 -1.2481 0.203 0.3328
B -0.7788 -0.649 -1.313 -1.2481 0.203 0.3328
B -0.649 -0.5192 -1.313 -1.2481 0.203 0.3328
B -0.5192 -0.3894 -1.313 -1.2481 0.203 0.3328
B -0.3894 -0.2596 -1.313 -1.2481 0.203 0.3328
B -1.1682 -1.0384 -1.313 -1.2481 0.3328 0.5924
B -1.1682 -1.0384 -1.313 -1.2481 0.5924 0.6573
e 24
B -1.0384 -0.9086 -1.313 -1.2481 0.5924 0.6573
B -0.9086 -0.7788 -1.313 -1.2481 0.5924 0.6573
B -0.7788 -0.649 -1.313 -1.2481 0.5924 0.6573
B -0.649 -0.5192 -1.313 -1.2481 0.5924 0.6573
B -0.5192 -0.3894 -1.313 -1.2481 0.5924 0.6573
e 41
B -1.1682 -1.1033 -1.2481 -0.7938 0.203 0.43015
B -1.1682 -1.1033 -0.7938 -0.664 0.203 0.43015
e 33
B -1.1682 -1.1033 -1.2481 -0.7938 0.43015 0.55995
B -1.1682 -1.1033 -1.2481 -0.7938 0.55995 0.5924
B -1.1682 -1.1033 -1.2481 -0.7938 0.5924 0.6573
B -1.1682 -1.1033 -0.664 0.0499 0.203 0.43015
B -1.1682 -1.1033 0.0499 0.4393 0.203 0.43015
B -1.1682 -1.1033 0.4393 0.7638 0.203 0.43015
B -1.1682 -1.1033 0.7638 1.7373 0.203 0.43015
e 35
B -1.1682 -1.1033 0.4393 0.7638 0.43015 0.55995
B -1.1682 -1.1033 0.4393 0.7638 0.55995 0.5924
B -1.1682 -1.1033 0.7638 1.7373 0.43015 0.55995
B -1.1682 -1.1033 0.7638 1.7373 0.55995 0.5924
B -1.1682 -1.1033 -0.664 0.0499 0.43015 0.55995
B -1.1682 -1.1033 -0.664 0.0499 0.55995 0.5924
e 40
B -1.1682 -1.1033 -0.664 0.0499 0.5924 0.6573
B -1.1682 -1.1033 0.0499 0.4393 0.5924 0.6573
B -1.1682 -1.1033 0.4393 0.7638 0.5924 0.6573
e 7
B -0.5192 -0.1947 1.7373 1.8022 0.576175 0.5924
e 44
B -1.1682 -1.1033 -0.7938 -0.664 0.55995 0.5924
B -1.1682 -1.1033 -0.7938 -0.664 0.5924 0.6573
e 5
B -1.1682 -0.9086 1.7373 1.8022 0.203 0.3977
B -1.1682 -0.9086 1.7373 1.8022 0.3977 0.43015
B -1.1682 -0.9086 1.7373 1.8022 0.43015 0.576175
B -1.1682 -0.9086 1.7373 1.8022 0.576175 0.5924
B -1.1682 -0.9086 1.7373 1.8022 0.5924 0.6573
e 53
B -0.9086 -0.5192 1.7373 1.8022 0.203 0.3977
B -0.9086 -0.5192 1.7373 1.8022 0.3977 0.43015
e 7
B 0.48675 0.7788 1.7373 1.8022 0.203 0.3977
B 0.48675 0.7788 1.7373 1.8022 0.3977 0.43015
B 0.48675 0.7788 1.7373 1.8022 0.43015 0.576175
B 0.48675 0.7788 1.7373 1.8022 0.576175 0.5924
B -0.5192 -0.1947 1.7373 1.8022 0.43015 0.576175
e 22
B -0.1947 -0.0649 1.7373 1.8022 0.576175 0.5924
B -0.0649 0.22715 1.7373 1.8022 0.576175 0.5924
e 45
B -1.1682 -1.1033 -1.09883 -0.96903 -0.2513 0.0732
e 46
B -1.1682 -1.1033 -1.09883 -0.96903 0.1381 0.203
e 0
B 0.7788 0.9086 -0.4044 -0.3395 -0.2513 0.203
B 0.7788 0.9086 -0.3395 -0.04745 -0.2513 -0.16044
e 19
B 0.7139 0.7788 -0.13831 1.7373 -0.2513 0.203
B 0.7139 0.7788 -1.2481 -0.34599 -0.2513 0.203
e 12
B 0.87615 0.88264 -0.30705 -0.17725 -0.01117 0.9818
e 19
B 0.80476 0.81125 -0.31354 -0.17076 0.6573 0.68975
e 0
B 0.7788 0.81125 -0.3395 -0.1448 0.68975 0.9818
B 0.7788 0.81125 -0.3395 -0.1448 -0.01117 0.6573
e 19
B 0.81125 0.88264 -0.31354 -0.30705 0.6573 0.68975
e 16
B 0.81125 0.9086 -0.3395 -0.30705 0.68975 0.9818
B 0.81125 0.9086 -0.3395 -0.30705 -0.01117 0.6573
e 20
B 0.88264 0.9086 -0.30705 -0.1448 0.68975 0.9818
B 0.88264 0.9086 -0.30705 -0.1448 -0.01117 0.6573
e 52
B 0.81125 0.88264 -0.17076 -0.1448 0.68975 0.9818
B 0.81125 0.88264 -0.17076 -0.1448 -0.01117 0.6573
e 24
B 0.81125 0.88264 -0.17725 -0.17076 -0.01117 0.9818
e 0
B 0.7788 0.9086 -0.43685 -0.4044 -0.2513 0.1381
e 29
B 0.7139 0.7788 -0.34599 -0.13831 -0.2513 -0.16693
e 1
B 0.7788 0.9086 -0.1448 -0.0799 -0.16044 0.203
B 0.8437 0.9086 -0.3395 -0.1448 -0.16044 -0.01117
e 6
B 0.1947 0.5841 1.7373 1.8022 0.1381 0.203
e 7
B 0.5841 0.7788 1.7373 1.8022 -0.2513 0.203
B -1.1682 0.1947 1.7373 1.8022 -0.2513 0.203
e 11
B -1.1682 0.7788 -1.313 -1.2481 -0.2513 0.203
e 0
B 0.1947 0.5841 -1.08585 -0.9885 0.2679 0.349025
e 30
B 0.7139 0.7788 -0.34599 -0.13831 -0.00467999 0.203
e 4
B 0.5841 0.69443 -0.3395 -0.11235 -0.01117 0.00829999
e 20
B 0.69443 0.7788 -0.3395 -0.13831 -0.01117 -0.00467999
e 1
B 0.5841 0.69443 -0.1448 -0.11235 -0.16044 -0.01117
e 17
B 0.69443 0.7788 -0.1448 -0.13831 -0.16044 -0.01117
e 4
B 0.5841 0.69443 -0.3395 -0.11235 -0.17991 -0.16044
e 20
B 0.69443 0.7788 -0.3395 -0.13831 -0.16693 -0.16044
e 0
B 0.5841 0.69443 -0.37195 -0.3395 -0.17991 0.00829999
e 20
B 0.69443 0.7788 -0.34599 -0.3395 -0.16693 -0.00467999
e 1
B 0.7788 0.9086 -0.0799 -0.04745 -0.16044 0.1381
e 35
B -1.1682 -1.1033 -0.96903 1.7373 -0.2513 0.0732
B -1.1682 -1.1033 -0.96903 1.7373 0.0732 0.1381
B -1.1682 -1.1033 -0.96903 1.7373 0.1381 0.203
B -1.1682 -1.1033 -1.2481 -1.09883 -0.2513 0.0732
B -1.1682 -1.1033 -1.2481 -1.09883 0.0732 0.1381
B -1.1682 -1.1033 -1.2481 -1.09883 0.1381 0.203


N 0.1947 1.8022 -0.1864 0.1947 1.8022 0.1381 0.5841 1.8022 0.1381 0.5841 1.8022 -0.1864 0 -1 0
N -0.1947 -0.9885 0.2679 -0.1947 -0.9885 0.5924 0 -0.9885 0.5924 0 -0.9885 0.2679 0 1 0
N 0.7788 0.9585 0.2679 0.7788 0.9585 0.5924 0.7788 1.1532 0.5924 0.7788 1.1532 0.2679 -1 0 0


light 0.75 0 0.7139 -0.24215 -0.06958 1 0.3 0.05 0.5 0 0 0 1 0 0
light 0.25 0 0.42185 -0.24215 0.08618 1 0.3 0.05 0.5 0 0 0 1 0 0

trigger -0.59059 -0.09288 -0.03064 0.03894 0 0 1 1
indir_dlight_group house/light1.data 0.02
light 0 1.2 -0.59059 -0.13182 0.0732 1 0.9 0.7 1 0 0 0 1 0 0 0
bind_light -0.59059 -0.089635 0.0732
trigger

trigger -0.59059 -0.00202 -0.03064 0.03894 0 0 1 1
indir_dlight_group house/light2.data 0.2
light 0 1.2 -0.59059 0.03043 0.0732 1 0.9 0.7 1 0 0 0 1 0 0 0
bind_light -0.59059 -0.011755 0.0732
trigger

trigger 0.62304 1.71783 -0.03064 0.03894 0 30 1 1
trigger 0.52569 0.92605 0.38472 0.03894 0 30 1 1
indir_dlight_group none
light 0 1 0.256355 -0.4044 0.16406 1 1 1.2 1 0.256355 -0.1448 0.16406 1 0 1 0
bind_light 0.256355 -0.2746 0.186126
trigger

trigger 0.62304 1.71783 -0.03064 0.03894 0 30 1 1
trigger 0.52569 0.92605 0.38472 0.03894 0 30 1 1
indir_dlight_group none
light 0 1 0.256355 0.8936 0.16406 1 1 1.2 1 0.256355 1.1532 0.16406 1 0 1 0
bind_light 0.256355 1.0234 0.186126
trigger

g 1 0.7 1 1
E 0.1298 3.6194 84 0 -0.222972 0
g 1 1 1 1
E -3.3748 1.1532 142 1 0.227176 0
g 1 0.7 1 1
E -2.7258 3.9439 61 3 -0.148138 0
g 0.2 0.35 5 0
E -3.66685 2.27272 29 2 0.24111 0
g 0.2 0.35 5 0
E -3.55328 2.27272 29 2 0.239725 0
g 0.2 0.35 5 0
E -3.4397 2.27272 29 2 0.233574 0
g 0.2 0.35 5 0
E -3.32613 2.27272 29 2 0.216909 0
g 0.2 0.35 5 0
E -3.21255 2.27272 29 2 0.202425 0
g 0.2 0.35 5 0
E -3.09898 2.27272 29 2 0.192046 0
g 0.2 0.35 5 0
E -2.9854 2.27272 29 2 0.170999 0
g 0.2 0.35 5 0
E -2.87183 2.27272 29 2 0.159757 0
g 0.2 0.35 5 0
E -2.75825 2.27272 29 2 0.146951 0
g 0.2 0.35 5 0
E -2.64468 2.27272 29 2 0.124135 0
g 0.2 0.35 5 0
E -2.5311 2.27272 29 2 0.107774 0
g 0.2 0.35 5 0
E -2.41753 2.27272 29 2 0.100221 0
g 0.2 0.35 5 0
E -2.30395 2.27272 29 2 0.0984586 0
g 0.2 0.35 5 0
E -2.19038 2.27272 29 2 0.0964578 0
g 0.2 0.35 5 0
E -2.0768 2.27272 29 2 0.0940671 0
g 0.2 0.35 5 0
E -1.96323 2.27272 29 2 0.0931984 0
g 0.2 0.35 5 0
E -1.84965 2.27272 29 2 0.0880956 0
g 0.2 0.35 5 0
E -1.73608 2.27272 29 2 0.082952 0
g 0.2 0.35 5 0
E -1.6225 2.27272 29 2 0.0882519 0
g 0.2 0.35 5 0
E -1.50893 2.27272 29 2 0.0881454 0
g 0.2 0.35 5 0
E -1.3629 -3.0653 25 2 0.225431 0
g 0.2 0.35 5 0
E -1.3629 -2.96146 25 2 0.223395 0
g 0.2 0.35 5 0
E -1.3629 -2.85762 25 2 0.223395 0
g 0.2 0.35 5 0
E -1.3629 -2.75378 25 2 0.223395 0
g 0.2 0.35 5 0
E -1.3629 -2.64994 25 2 0.216489 0
g 0.2 0.35 5 0
E -1.3629 -2.5461 25 2 0.216489 0
g 0.2 0.35 5 0
E -1.3629 -2.44226 25 2 0.216489 0
g 0.2 0.35 5 0
E -1.3629 -2.33842 25 2 0.216489 0
g 0.2 0.35 5 0
E -1.3629 -2.23458 25 2 0.213057 0
g 0.2 0.35 5 0
E -1.3629 -2.13074 25 2 0.213031 0
g 0.2 0.35 5 0
E -1.3629 -2.0269 25 2 0.209638 0
g 0.2 0.35 5 0
E -1.3629 -1.92306 25 2 0.209542 0
g 0.2 0.35 5 0
E -2.2066 -3.0653 25 2 0.223395 0
g 0.2 0.35 5 0
E -2.10276 -3.0653 25 2 0.223395 0
g 0.2 0.35 5 0
E -1.99892 -3.0653 25 2 0.223395 0
g 0.2 0.35 5 0
E -1.89508 -3.0653 25 2 0.225719 0
g 0.2 0.35 5 0
E -1.79124 -3.0653 25 2 0.226869 0
g 0.2 0.35 5 0
E -1.6874 -3.0653 25 2 0.226869 0
g 0.2 0.35 5 0
E -1.58356 -3.0653 25 2 0.225479 0
g 0.2 0.35 5 0
E -1.47972 -3.0653 25 2 0.225431 0

F 2.8556 -1.313 0.2596 0.1947 5 0.140967
F 2.8556 -0.664 0.2596 0.1947 5 0.116243
F 2.8556 -0.015 0.2596 0.1947 5 -0.000143425
F 2.8556 0.634 0.2596 0.1947 5 -0.0975545
F 2.8556 1.283 0.2596 0.1947 5 -0.130241
F 3.19957 1.48419 0.7788 0.178475 0 -0.177401
F 3.07626 1.72432 0.607464 0.165625 0 -0.184475
F 3.78367 1.29598 0.833316 0.176333 0 -0.168899
F 3.49811 1.02989 0.560736 0.182044 0 -0.143276
F 4.06274 0.80923 1.02802 0.185614 0 -0.131183
F 4.0887 0.53016 1.15262 0.193467 0 -0.106584
F 3.87453 0.30301 0.708708 0.202748 0 -0.0555041
F 3.14116 0.10182 0.646404 0.212028 0 -0.0608402
F 3.38778 -0.41738 0.552948 0.214884 0 0.0518697
F 3.53056 -0.87817 0.630828 0.161341 0 0.0944166
F 3.70579 -0.25513 0.825528 0.160627 0 0.0100398
F 4.00433 -0.73539 0.677556 0.148491 0 0.0882104
F 3.80314 1.75028 0.475068 0.15563 0 -0.187527
F 3.88751 2.73027 1.19156 0.160627 0 -0.337621
F 2.77123 2.87305 0.638616 0.186328 0 -0.292943
F 2.99189 1.89955 1.0358 0.194895 0 -0.253043
F 3.78367 2.39928 0.537372 0.180617 0 -0.276479
F 3.96539 2.17862 0.638616 0.174192 0 -0.275326
F 3.06328 2.04233 0.918984 0.163483 0 -0.277155
F 3.54354 2.27597 0.794376 0.144208 0 -0.295211
F 3.42672 3.09371 0.903408 0.174906 0 -0.323299
F 3.71877 3.15212 0.451704 0.158486 0 -0.285405
F 3.19957 2.65888 0.848892 0.203461 0 -0.309748
F 4.04976 3.66483 0.996864 0.169194 0 -0.334102
F 3.55652 3.43768 0.66198 0.156344 0 -0.306556
F 4.14062 4.04774 0.918984 0.154202 0 -0.323566
F 3.84857 3.77516 0.537372 0.161341 0 -0.297922
F 0.5192 -0.7289 0.3894 0.14278 0 -0.1864

G 2.596 3.23 0.3245 0.005192 1 -0.24508
G 3.10871 3.45066 0.29205 0.004543 1 -0.251306
G 2.82315 3.80761 0.35695 0.0059708 1 -0.250756
G 3.16063 3.69079 0.34397 0.005841 1 -0.251439
G 3.40725 3.47662 0.28556 0.0044132 1 -0.251101
G 3.22553 3.37927 0.20119 0.0036993 1 -0.251025
G 2.81666 3.35331 0.33748 0.0056463 1 -0.248445
G 3.00487 3.70377 0.25311 0.0040238 1 -0.252171
G 2.43375 3.5545 0.30503 0.0047377 1 -0.247516
G 2.80368 3.54801 0.27258 0.0042185 1 -0.250584
G -0.7788 1.932 0.22715 0.003894 0 0.0859509

end
