l 0.8 0 0 0 1 none 1 1 0 0
r 1.0 1 0 0 0
y 5
X normal_maps/dirt_normal.jpg 1 1
C -2.72 4.998 1.65 -2.72 5 1.65 0.01 0.01
C -2.72 4.998 1.05 -2.72 5 1.05 0.01 0.01
C -2.72 4.998 0.45 -2.72 5 0.45 0.01 0.01
C -2.72 4.998 -0.13 -2.72 5 -0.13 0.01 0.01
C -2.72 4.998 -0.55 -2.72 5 -0.55 0.01 0.01
r 1.0 90 0.9 0.9 0.9
y 1
X none
e 3
a 1
C -7.7 -6.1 0.598 -7.7 -6.1 0.67 0.08 0
C -5.2 -6.1 0.598 -5.2 -6.1 0.67 0.08 0
C -2.7 -6.1 0.598 -2.7 -6.1 0.67 0.08 0
C 0.3 -6.1 0.598 0.3 -6.1 0.67 0.08 0
C 3.2 -5.4 0.598 3.2 -5.4 0.67 0.08 0
C 6.8 -5.4 0.598 6.8 -5.4 0.67 0.08 0
C 0.3 -3.7 0.598 0.3 -3.7 0.67 0.08 0
C 3.2 -3 0.598 3.2 -3 0.67 0.08 0
C 6.8 -3 0.598 6.8 -3 0.67 0.08 0
C 0.3 -0.8 0.598 0.3 -0.8 0.67 0.08 0
C 3.5 -0.3 0.598 3.5 -0.3 0.67 0.08 0
C 6.5 -0.3 0.598 6.5 -0.3 0.67 0.08 0
C -7.7 -6.1 0.582 -7.7 -6.1 0.598 0.08 0.08
C -5.2 -6.1 0.582 -5.2 -6.1 0.598 0.08 0.08
C -2.7 -6.1 0.582 -2.7 -6.1 0.598 0.08 0.08
C 0.3 -6.1 0.582 0.3 -6.1 0.598 0.08 0.08
C 3.2 -5.4 0.582 3.2 -5.4 0.598 0.08 0.08
C 6.8 -5.4 0.582 6.8 -5.4 0.598 0.08 0.08
C 0.3 -3.7 0.582 0.3 -3.7 0.598 0.08 0.08
C 3.2 -3 0.582 3.2 -3 0.598 0.08 0.08
C 6.8 -3 0.582 6.8 -3 0.598 0.08 0.08
C 0.3 -0.8 0.582 0.3 -0.8 0.598 0.08 0.08
C 3.5 -0.3 0.582 3.5 -0.3 0.598 0.08 0.08
C 6.5 -0.3 0.582 6.5 -0.3 0.598 0.08 0.08
C -7.7 -6.1 0.518 -7.7 -6.1 0.534 0.048 0.048
C -5.2 -6.1 0.518 -5.2 -6.1 0.534 0.048 0.048
C -2.7 -6.1 0.518 -2.7 -6.1 0.534 0.048 0.048
C 0.3 -6.1 0.518 0.3 -6.1 0.534 0.048 0.048
C 3.2 -5.4 0.518 3.2 -5.4 0.534 0.048 0.048
C 6.8 -5.4 0.518 6.8 -5.4 0.534 0.048 0.048
C 0.3 -3.7 0.518 0.3 -3.7 0.534 0.048 0.048
C 3.2 -3 0.518 3.2 -3 0.534 0.048 0.048
C 6.8 -3 0.518 6.8 -3 0.534 0.048 0.048
C 0.3 -0.8 0.518 0.3 -0.8 0.534 0.048 0.048
C 3.5 -0.3 0.518 3.5 -0.3 0.534 0.048 0.048
C 6.5 -0.3 0.518 6.5 -0.3 0.534 0.048 0.048
C -7.7 -6.1 0.51 -7.7 -6.1 0.518 0.008 0.048
C -5.2 -6.1 0.51 -5.2 -6.1 0.518 0.008 0.048
C -2.7 -6.1 0.51 -2.7 -6.1 0.518 0.008 0.048
C 0.3 -6.1 0.51 0.3 -6.1 0.518 0.008 0.048
C 3.2 -5.4 0.51 3.2 -5.4 0.518 0.008 0.048
C 6.8 -5.4 0.51 6.8 -5.4 0.518 0.008 0.048
C 0.3 -3.7 0.51 0.3 -3.7 0.518 0.008 0.048
C 3.2 -3 0.51 3.2 -3 0.518 0.008 0.048
C 6.8 -3 0.51 6.8 -3 0.518 0.008 0.048
C 0.3 -0.8 0.51 0.3 -0.8 0.518 0.008 0.048
C 3.5 -0.3 0.51 3.5 -0.3 0.518 0.008 0.048
C 6.5 -0.3 0.51 6.5 -0.3 0.518 0.008 0.048
C -7.7 -6.1 -0.282 -7.7 -6.1 -0.258 0.072 0.016
C -5.2 -6.1 -0.282 -5.2 -6.1 -0.258 0.072 0.016
C -2.7 -6.1 -0.282 -2.7 -6.1 -0.258 0.072 0.016
C 0.3 -6.1 -0.282 0.3 -6.1 -0.258 0.072 0.016
C 3.2 -5.4 -0.282 3.2 -5.4 -0.258 0.072 0.016
C 6.8 -5.4 -0.282 6.8 -5.4 -0.258 0.072 0.016
C 0.3 -3.7 -0.282 0.3 -3.7 -0.258 0.072 0.016
C 3.2 -3 -0.282 3.2 -3 -0.258 0.072 0.016
C 6.8 -3 -0.282 6.8 -3 -0.258 0.072 0.016
C 0.3 -0.8 -0.282 0.3 -0.8 -0.258 0.072 0.016
C 3.5 -0.3 -0.282 3.5 -0.3 -0.258 0.072 0.016
C 6.5 -0.3 -0.282 6.5 -0.3 -0.258 0.072 0.016
C -7.7 -6.1 -0.29 -7.7 -6.1 -0.282 0.072 0.072
C -7.7 -6.1 -0.29 -7.7 -6.1 0.518 0.02 0.012
C -5.2 -6.1 -0.29 -5.2 -6.1 0.518 0.02 0.012
C -5.2 -6.1 -0.29 -5.2 -6.1 -0.282 0.072 0.072
C -2.7 -6.1 -0.29 -2.7 -6.1 -0.282 0.072 0.072
C -2.7 -6.1 -0.29 -2.7 -6.1 0.518 0.02 0.012
C 0.3 -6.1 -0.29 0.3 -6.1 0.518 0.02 0.012
C 0.3 -6.1 -0.29 0.3 -6.1 -0.282 0.072 0.072
C 3.2 -5.4 -0.29 3.2 -5.4 -0.282 0.072 0.072
C 3.2 -5.4 -0.29 3.2 -5.4 0.518 0.02 0.012
C 6.8 -5.4 -0.29 6.8 -5.4 0.518 0.02 0.012
C 6.8 -5.4 -0.29 6.8 -5.4 -0.282 0.072 0.072
C 0.3 -3.7 -0.29 0.3 -3.7 0.518 0.02 0.012
C 0.3 -3.7 -0.29 0.3 -3.7 -0.282 0.072 0.072
C 3.2 -3 -0.29 3.2 -3 -0.282 0.072 0.072
C 3.2 -3 -0.29 3.2 -3 0.518 0.02 0.012
C 6.8 -3 -0.29 6.8 -3 -0.282 0.072 0.072
C 6.8 -3 -0.29 6.8 -3 0.518 0.02 0.012
C 0.3 -0.8 -0.29 0.3 -0.8 -0.282 0.072 0.072
C 0.3 -0.8 -0.29 0.3 -0.8 0.518 0.02 0.012
C 3.5 -0.3 -0.29 3.5 -0.3 0.518 0.02 0.012
C 3.5 -0.3 -0.29 3.5 -0.3 -0.282 0.072 0.072
C 6.5 -0.3 -0.29 6.5 -0.3 -0.282 0.072 0.072
C 6.5 -0.3 -0.29 6.5 -0.3 0.518 0.02 0.012
S -7.7 -6.1 0.67 0.0064
S -5.2 -6.1 0.67 0.0064
S -2.7 -6.1 0.67 0.0064
S 0.3 -6.1 0.67 0.0064
S 3.2 -5.4 0.67 0.0064
S 6.8 -5.4 0.67 0.0064
S 0.3 -3.7 0.67 0.0064
S 3.2 -3 0.67 0.0064
S 6.8 -3 0.67 0.0064
S 0.3 -0.8 0.67 0.0064
S 3.5 -0.3 0.67 0.0064
S 6.5 -0.3 0.67 0.0064
l 0.86 0.03 0.03 0.03 1 none
r 1.0 60 0.8 0.8 0.8
y 6.5
a 0
C 2.7 2.9 -0.28 2.7 2.9 -0.21 0.01 0.01
l 0.76 0.04 0.04 0.04 1 none
r 1.0 1 0 0 0
y 6
C -4 -1 0.73 -4 -1 0.76 0.004 0.004
y 7
C 1.5 2 0.61 1.5 2 0.76 0.006 0.006
l 0.7 0.1 0.1 0.1 1 none
y 3.2
e 0
a 1
C 0.2 -0.2 -0.23 0.2 -0.2 -0.215 0.076 0.077
l 0.8 0.4 0.25 0.03 1 none
r 1.0 40 1.8 1.2 0.2
y 2.5
S 2.55 -3 2.51 0.03
l 0.8 0.5 0.5 0.5 1 none
r 1.0 50 1.6 1.6 1.6
e 3
a 0
C 2.55 -3 -0.29 2.55 -3 2.51 0.016 0.016
l 0.8 0.9 0.9 0.8 1 none
r 1.0 90 0.9 0.9 0.9
y 1
a 1
C -7.7 -6.1 0.574 -7.7 -6.1 0.582 0 0.08
C -5.2 -6.1 0.574 -5.2 -6.1 0.582 0 0.08
C -2.7 -6.1 0.574 -2.7 -6.1 0.582 0 0.08
C 0.3 -6.1 0.574 0.3 -6.1 0.582 0 0.08
C 3.2 -5.4 0.574 3.2 -5.4 0.582 0 0.08
C 6.8 -5.4 0.574 6.8 -5.4 0.582 0 0.08
C 0.3 -3.7 0.574 0.3 -3.7 0.582 0 0.08
C 3.2 -3 0.574 3.2 -3 0.582 0 0.08
C 6.8 -3 0.574 6.8 -3 0.582 0 0.08
C 0.3 -0.8 0.574 0.3 -0.8 0.582 0 0.08
C 3.5 -0.3 0.574 3.5 -0.3 0.582 0 0.08
C 6.5 -0.3 0.574 6.5 -0.3 0.582 0 0.08
l 0.62 0.92 0.92 0.92 1 none
r 1.0 70 0.75 0.75 0.75
y 6
e 1
a 0
C 5.1 1.6 2.31 5.15 1.67 2.35 0.003 0.15
e 0
C 5.1 1.6 2.31 5.16 1.68 2.36 0.003 0.003
C 5.1 1.6 2.11 5.1 1.6 2.31 0.006 0.006
l 0.72 1 1 0.6 1 none
r 1.0 1 0 0 0
S -4 -1 0.71 0.03
l 0.8 1 1 1 1 none
y 100
Y 0.1 0 0
a 2
C -7.2 2.6 -0.44 -7.2 2.58 -0.454 0.004 0.012
C -6.2 2.6 -0.44 -6.2 2.58 -0.454 0.004 0.012
C -5.2 2.6 -0.44 -5.2 2.58 -0.454 0.004 0.012
C -4.2 2.6 -0.44 -4.2 2.58 -0.454 0.004 0.012
C -4 -0.85 -0.49 -2 -0.85 -0.49 0.01 0.01
y 5
Y 0 0 0
e 3
a 0
S -3 -2 1.21 0.03
l 0.72 1 1 1 1 none
y 7
e 0
S 1.5 2 0.53 0.08
l 0.8 1 1 1 1 none
y 6
a 2
S -6.55 4.8 -0.32 0.03
y 1
Y 0.1 0 0
S -3 4.8 -0.32 0.03
y 6
Y 0 0 0
S -6.55 5.1 -0.32 0.03
S -6.55 5.4 -0.32 0.03
S -6.55 3 -0.395 0.03
S -6.55 3.5 -0.395 0.03
S -6.55 4 -0.395 0.03
l 0.8 1 0.8 0.5 0.8 none
r 1.0 90 0.9 0.9 0.9
y 1
a 1
C -7.7 -6.1 0.534 -7.7 -6.1 0.582 0.016 0.016
C -5.2 -6.1 0.534 -5.2 -6.1 0.582 0.016 0.016
C -2.7 -6.1 0.534 -2.7 -6.1 0.582 0.016 0.016
C 0.3 -6.1 0.534 0.3 -6.1 0.582 0.016 0.016
C 3.2 -5.4 0.534 3.2 -5.4 0.582 0.016 0.016
C 6.8 -5.4 0.534 6.8 -5.4 0.582 0.016 0.016
C 0.3 -3.7 0.534 0.3 -3.7 0.582 0.016 0.016
C 3.2 -3 0.534 3.2 -3 0.582 0.016 0.016
C 6.8 -3 0.534 6.8 -3 0.582 0.016 0.016
C 0.3 -0.8 0.534 0.3 -0.8 0.582 0.016 0.016
C 3.5 -0.3 0.534 3.5 -0.3 0.582 0.016 0.016
C 6.5 -0.3 0.534 6.5 -0.3 0.582 0.016 0.016
l 0.8 1 1 1 0.4 none
C -7.7 -6.1 0.534 -7.7 -6.1 0.582 0.048 0.048
C -5.2 -6.1 0.534 -5.2 -6.1 0.582 0.048 0.048
C -2.7 -6.1 0.534 -2.7 -6.1 0.582 0.048 0.048
C 0.3 -6.1 0.534 0.3 -6.1 0.582 0.048 0.048
C 3.2 -5.4 0.534 3.2 -5.4 0.582 0.048 0.048
C 6.8 -5.4 0.534 6.8 -5.4 0.582 0.048 0.048
C 0.3 -3.7 0.534 0.3 -3.7 0.582 0.048 0.048
C 3.2 -3 0.534 3.2 -3 0.582 0.048 0.048
C 6.8 -3 0.534 6.8 -3 0.582 0.048 0.048
C 0.3 -0.8 0.534 0.3 -0.8 0.582 0.048 0.048
C 3.5 -0.3 0.534 3.5 -0.3 0.582 0.048 0.048
C 6.5 -0.3 0.534 6.5 -0.3 0.582 0.048 0.048
l 0.7 1 1 1 0.25 none 1 1.55 15 0
r 1.0 1 0 0 0
density 2.6
y 8
e 1
movable 1
B 4.2 4.3 -1.3 -1.2 -0.29 -0.21
l 0.76 0.8 0.8 0.8 0.2 none 1 1.55 20 0
density 1
y 2.5
e 60
movable 0
a 2
B -3.3 -0.7 0.7 2.8 1.47 1.5
l 0.7 0.8 0.8 0.8 0.15 none
a 3
B -3.5 -0.5 0.5 3 2.07 2.09
l 0.7 0 0 1 0.1 none 1 1.4 10 0
y 5
e 3
a 0
B -3.36 -3.34 -2.4 -1.66 0.91 1.36
B -2.74 -2.72 -2.4 -1.66 0.91 1.36
B -3.34 -2.74 -2.4 -1.66 0.91 0.93
B -3.34 -2.74 -2.4 -1.66 1.34 1.36
l 0.7 0 1 0 0.1 none
B -3.36 -2.72 -1.66 -1.64 0.91 1.36
l 0.7 0.95 0.95 0.95 0.1 none 1 1.55 20 0
r 1.0 100 0.9 0.9 0.9
y 0.2
a 3
B -7.43 -7.42 -2.3 -1.25 1.61 1.91
B -7.43 -7.42 -3.9 -2.5 1.61 1.91
e 7
B -7.43 -7.42 -5.3 -4 1.61 1.91
e 56
B -7.3 -6 4.5 5.8 2.55 2.565
e 60
B -1.5 -0.2 -5.3 -4 2.065 2.08
e 44
B 6 7.3 0.2 1.5 2.065 2.08
e 11
B -7.43 -7.42 4.5 5.8 1.61 1.91
e 3
B -7.43 -7.42 3 4.4 1.61 1.91
B -7.43 -7.42 1.6 2.8 1.61 1.91
B -7.43 -7.42 0.2 1.5 1.61 1.91
B -7.43 -7.42 -1.15 0 1.61 1.91
B -7.43 -7.42 1.6 2.8 1.01 1.31
B -7.43 -7.42 0.2 1.5 1.01 1.31
B -7.43 -7.42 -2.3 -1.25 1.01 1.31
B -7.43 -7.42 -3.9 -2.5 1.01 1.31
e 7
B -7.43 -7.42 -5.3 -4 1.01 1.31
e 3
B -7.43 -7.42 -1.15 0 1.01 1.31
e 11
B -7.43 -7.42 4.5 5.8 1.01 1.31
e 3
B -7.43 -7.42 3 4.4 1.01 1.31
B -7.43 -7.42 -1.15 0 0.41 0.71
B -7.43 -7.42 0.2 1.5 0.41 0.71
B -7.43 -7.42 1.6 2.8 0.41 0.71
e 7
B -7.43 -7.42 -5.3 -4 0.41 0.71
e 3
B -7.43 -7.42 3 4.4 0.41 0.71
e 11
B -7.43 -7.42 4.5 5.8 0.41 0.71
e 3
B -7.43 -7.42 -3.9 -2.5 0.41 0.71
B -7.43 -7.42 -2.3 -1.25 0.41 0.71
e 2
B -7.43 -7.42 -1.15 0 -0.19 0.11
B 0 0.9 5.92 5.93 -0.19 0.11
B -1.5 -0.2 5.92 5.93 -0.19 0.11
B -2.6 -1.6 5.92 5.93 -0.19 0.11
B -5.9 -4.35 5.92 5.93 -0.19 0.11
B 1 2 5.92 5.93 -0.19 0.11
e 18
B -7.3 -6 5.92 5.93 -0.19 0.11
e 34
B 6 7.3 5.92 5.93 -0.19 0.11
e 35
B 6 7.3 5.92 5.93 1.61 1.91
e 10
B -7.43 -7.42 4.5 5.8 -0.19 0.11
e 2
B 2.1 3.4 5.92 5.93 -0.19 0.11
B 3.6 4.9 5.92 5.93 -0.19 0.11
e 17
B -7.3 -6 5.92 5.93 1.61 1.91
e 3
B -5.9 -4.35 5.92 5.93 1.61 1.91
e 1
B -4.15 -3.4 5.92 5.93 1.61 1.91
B -2.6 -1.6 5.92 5.93 1.61 1.91
e 3
B -1.5 -0.2 5.92 5.93 1.61 1.91
B 0 0.9 5.92 5.93 1.61 1.91
e 1
B 1 2 5.92 5.93 1.61 1.91
B 2.1 3.4 5.92 5.93 1.61 1.91
B 3.6 4.9 5.92 5.93 1.61 1.91
e 3
B 5 5.9 5.92 5.93 1.61 1.91
e 2
B -7.43 -7.42 3 4.4 -0.19 0.11
B -7.43 -7.42 1.6 2.8 -0.19 0.11
B -7.43 -7.42 0.2 1.5 -0.19 0.11
B -7.43 -7.42 -2.3 -1.25 -0.19 0.11
B -7.43 -7.42 -3.9 -2.5 -0.19 0.11
e 6
B -7.43 -7.42 -5.3 -4 -0.19 0.11
e 33
B 6 7.3 5.92 5.93 1.01 1.31
e 1
B 5 5.9 5.92 5.93 1.01 1.31
B 1 2 5.92 5.93 1.01 1.31
B 2.1 3.4 5.92 5.93 1.01 1.31
B 3.6 4.9 5.92 5.93 1.01 1.31
B -2.6 -1.6 5.92 5.93 1.01 1.31
B -5.9 -4.35 5.92 5.93 1.01 1.31
B -4.15 -3.4 5.92 5.93 1.01 1.31
B -1.5 -0.2 5.92 5.93 1.01 1.31
B 0 0.9 5.92 5.93 1.01 1.31
e 17
B -7.3 -6 5.92 5.93 1.01 1.31
B -7.3 -6 5.92 5.93 0.41 0.71
e 1
B -4.15 -3.4 5.92 5.93 0.41 0.71
B -5.9 -4.35 5.92 5.93 0.41 0.71
e 11
B 7.42 7.43 4.5 5.8 1.61 1.91
e 3
B 7.42 7.43 3 4.4 1.61 1.91
B 7.42 7.43 1.6 2.8 1.61 1.91
e 7
B 7.42 7.43 0.2 1.5 1.61 1.91
e 1
B 5 5.9 5.92 5.93 0.41 0.71
B 3.6 4.9 5.92 5.93 0.41 0.71
B 2.1 3.4 5.92 5.93 0.41 0.71
B 1 2 5.92 5.93 0.41 0.71
B 0 0.9 5.92 5.93 0.41 0.71
B -1.5 -0.2 5.92 5.93 0.41 0.71
B -2.6 -1.6 5.92 5.93 0.41 0.71
e 33
B 6 7.3 5.92 5.93 0.41 0.71
e 3
B 7.42 7.43 3 4.4 1.01 1.31
B 7.42 7.43 1.6 2.8 1.01 1.31
e 7
B 7.42 7.43 0.2 1.5 1.01 1.31
e 11
B 7.42 7.43 4.5 5.8 1.01 1.31
e 7
B 7.42 7.43 0.2 1.5 0.41 0.71
e 3
B 7.42 7.43 1.6 2.8 0.41 0.71
B 7.42 7.43 3 4.4 0.41 0.71
e 11
B 7.42 7.43 4.5 5.8 0.41 0.71
e 34
B 6 7.3 0.07 0.08 -0.19 0.11
e 6
B 7.42 7.43 0.2 1.5 -0.19 0.11
e 2
B 7.42 7.43 1.6 2.8 -0.19 0.11
B 7.42 7.43 3 4.4 -0.19 0.11
e 10
B 7.42 7.43 4.5 5.8 -0.19 0.11
e 18
B 5.5 5.9 0.07 0.08 -0.19 0.11
e 2
B 2.1 3.4 0.07 0.08 -0.19 0.11
B 3.6 4.9 0.07 0.08 -0.19 0.11
e 18
B 0 0.9 0.07 0.08 -0.19 0.11
e 19
B 0 0.9 0.07 0.08 1.61 1.91
e 3
B 2.1 3.4 0.07 0.08 1.61 1.91
B 3.6 4.9 0.07 0.08 1.61 1.91
B 5 5.9 0.07 0.08 1.61 1.91
e 35
B 6 7.3 0.07 0.08 1.61 1.91
B 6 7.3 0.07 0.08 1.01 1.31
e 3
B 5 5.9 0.07 0.08 1.01 1.31
B 3.6 4.9 0.07 0.08 1.01 1.31
B 2.1 3.4 0.07 0.08 1.01 1.31
B 1 2 0.07 0.08 1.01 1.31
e 19
B 0 0.9 0.07 0.08 1.01 1.31
e 6
B -0.08 -0.07 -3 -2.5 -0.19 0.11
e 3
B 3.6 4.9 0.07 0.08 0.41 0.71
B 2.1 3.4 0.07 0.08 0.41 0.71
B 1 2 0.07 0.08 0.41 0.71
e 19
B 0 0.9 0.07 0.08 0.41 0.71
e 35
B 6 7.3 0.07 0.08 0.41 0.71
e 3
B 5 5.9 0.07 0.08 0.41 0.71
e 10
B -0.08 -0.07 -1.15 0 1.86 1.91
e 7
B -0.08 -0.07 -5.3 -4 1.61 1.91
e 11
B -0.08 -0.07 -1.15 0 1.61 1.86
e 3
B -0.08 -0.07 -3.9 -2.5 1.61 1.91
e 2
B -0.08 -0.07 -2.3 -1.25 -0.19 0.11
e 10
B -0.08 -0.07 -1.15 0 -0.19 0.11
e 6
B -0.08 -0.07 -5.3 -4 -0.19 0.11
e 10
B -0.08 -0.07 -3.9 -3.5 -0.19 0.11
e 7
B -0.08 -0.07 -5.3 -4 1.01 1.31
e 3
B -0.08 -0.07 -3.9 -2.5 1.01 1.31
B -0.08 -0.07 -2.3 -1.25 1.01 1.31
e 11
B -0.08 -0.07 -1.15 0 1.01 1.31
B -0.08 -0.07 -1.15 0 0.41 0.71
e 19
B -7.3 -6.3 -5.43 -5.42 1.61 1.91
e 3
B -5.25 -4.35 -5.43 -5.42 1.61 1.91
B -4.15 -2.85 -5.43 -5.42 1.61 1.91
B -2.75 -1.6 -5.43 -5.42 1.61 1.91
e 35
B -1.5 -0.2 -5.43 -5.42 1.61 1.91
e 3
B -6.2 -5.35 -5.43 -5.42 1.61 1.91
e 7
B -0.08 -0.07 -5.3 -4 0.41 0.71
e 3
B -0.08 -0.07 -3.9 -2.5 0.41 0.71
B -0.08 -0.07 -2.3 -1.25 0.41 0.71
B -2.75 -1.6 -5.43 -5.42 1.01 1.31
B -4.15 -2.85 -5.43 -5.42 1.01 1.31
B -5.25 -4.35 -5.43 -5.42 1.01 1.31
B -6.2 -5.35 -5.43 -5.42 1.01 1.31
e 35
B -1.5 -0.2 -5.43 -5.42 1.01 1.31
e 19
B -7.3 -6.3 -5.43 -5.42 1.01 1.31
e 3
B -6.2 -5.35 -5.43 -5.42 0.41 0.71
e 19
B -7.3 -6.3 -5.43 -5.42 0.41 0.71
e 35
B -1.5 -0.2 -5.43 -5.42 0.41 0.71
e 3
B -2.75 -1.6 -5.43 -5.42 0.41 0.71
B -4.15 -2.85 -5.43 -5.42 0.41 0.71
B -5.25 -4.35 -5.43 -5.42 0.41 0.71
e 2
B -6.2 -5.35 -5.43 -5.42 -0.19 0.11
B -5.25 -4.35 -5.43 -5.42 -0.19 0.11
B -4.15 -2.85 -5.43 -5.42 -0.19 0.11
B -2.75 -1.6 -5.43 -5.42 -0.19 0.11
e 34
B -1.5 -0.2 -5.43 -5.42 -0.19 0.11
e 18
B -7.3 -6.3 -5.43 -5.42 -0.19 0.11
l 0.7 1 0 0 0.1 none 1 1.4 10 0
r 1.0 1 0 0 0
y 5
e 3
a 0
B -3.36 -2.72 -2.42 -2.4 0.91 1.36
l 0.7 1 1 1 1 stucco.jpg 1 1 0 0
density 0.2
y 20
Y 0.1 0 0
X normal_maps/stucco_NRM.jpg 1 0
e 0
movable 1
a 1
B 7.3 7.4 3.9 4 -0.69 -0.59
density 1
y 16
movable 0
a 0
B -6.65 -6.45 2.6 4.5 -0.415 -0.41
B -6.45 -6.44 2.6 4.5 -0.69 -0.41
B -6.66 -6.65 2.6 4.5 -0.69 -0.41
l 0.8 0.7 0.7 0.7 1 marble.jpg
r 1.0 60 0.8 0.8 0.8
y 2.5
Y 0 0 0
X none
a 1
B 3.1 3.12 0.48 0.5 0.31 0.47
B 3.1 3.12 3.2 3.22 0.31 0.47
B 0.38 0.4 0.48 0.5 0.31 0.47
B 0.38 0.4 3.2 3.22 0.31 0.47
y 5.5
e 3
C -0.05 -1.96 1.65 0.76 -1.96 1.65 0.014 0.014
C 0.76 -1.96 1.65 0.76 -0.76 1.65 0.014 0.014
C 0.76 -0.76 1.65 1.96 -0.76 1.65 0.014 0.014
C 1.96 -0.76 1.65 1.96 0.05 1.65 0.014 0.014
C -0.05 -1.96 1.58 0.76 -1.96 1.58 0.014 0.014
C 0.76 -1.96 1.58 0.76 -0.76 1.58 0.014 0.014
C 0.76 -0.76 1.58 1.96 -0.76 1.58 0.014 0.014
C 1.96 -0.76 1.58 1.96 0.05 1.58 0.014 0.014
e 0
C 0.76 -1.96 1.51 0.76 -1.96 1.73 0.022 0.022
C 0.76 -0.76 1.51 0.76 -0.76 1.73 0.022 0.022
C 1.96 -0.76 1.51 1.96 -0.76 1.73 0.022 0.022
y 2.5
e 3
C 0.39 0.49 0.43 3.11 0.49 0.43 0.008 0.008
C 0.39 0.49 0.43 0.39 3.21 0.43 0.008 0.008
C 3.11 0.49 0.43 3.11 3.21 0.43 0.008 0.008
C 0.39 3.21 0.43 3.11 3.21 0.43 0.008 0.008
C 0.39 0.49 0.38 0.39 3.21 0.38 0.008 0.008
C 0.39 0.49 0.38 3.11 0.49 0.38 0.008 0.008
C 3.11 0.49 0.38 3.11 3.21 0.38 0.008 0.008
C 0.39 3.21 0.38 3.11 3.21 0.38 0.008 0.008
l 0.9 0.9 0.9 0.9 1 marble.jpg
y 8
a 0
C 5 -4.125 -0.27 5 -4.125 0.81 0.125 0.125
e 0
S 5 -4.125 0.81 0.15
S 4.75 -4.25 -0.04 0.25
S 5.25 -4.25 -0.04 0.25
l 0.95 1 1 1 1 marble.jpg
r 1.0 60 0.6 0.6 0.6
density 2.8
Y 0.1 0 0
movable 1
a 1
B 6.9 7 4.4 4.5 -0.69 -0.59
l 0.78 1 1 1 1 marble.jpg
r 1.0 60 0.8 0.8 0.8
density 1
y 6.5
Y 0 0 0
movable 0
a 0
C 2.7 2.9 -0.21 2.7 2.9 -0.19 0.3 0.3
C 1.5 2 -0.29 1.5 2 -0.26 0.8 0.8
l 0.82 0.6 0.5 0.4 1 snow2.jpg
y 7
B 1.77 1.93 1.8 2.33 -0.15 -0.14
B 1.15 1.85 1.72 1.88 -0.15 -0.14
B 1.07 1.23 1.8 2.33 -0.15 -0.14
C 1.15 1.8 -0.1499 1.15 1.8 -0.1401 0.08 0.08
C 1.85 1.8 -0.1499 1.85 1.8 -0.1401 0.08 0.08
l 0.6 0.9 0.9 0.9 1 snow2.jpg
r 1.0 50 0.4 0.4 0.4
y 6
B -0.4 -0.2 -4.3 -4.2 1.44 1.48
B 7.1 7.3 1.2 1.3 1.44 1.48
B -6.2 -6 5.5 5.6 1.44 1.48
B -0.4 -0.2 -4.4 -4.3 1.41 1.45
B 7.1 7.3 1.1 1.2 1.41 1.45
B -6.2 -6 5.4 5.5 1.41 1.45
B -0.4 -0.2 -4.5 -4.4 1.38 1.42
B 7.1 7.3 1 1.1 1.38 1.42
B -6.2 -6 5.3 5.4 1.38 1.42
B -0.4 -0.2 -4.6 -4.5 1.35 1.39
B 7.1 7.3 0.9 1 1.35 1.39
B -6.2 -6 5.2 5.3 1.35 1.39
B -0.4 -0.2 -4.7 -4.6 1.32 1.36
B 7.1 7.3 0.8 0.9 1.32 1.36
B -6.2 -6 5.1 5.2 1.32 1.36
B -0.4 -0.2 -4.8 -4.7 1.29 1.33
B 7.1 7.3 0.7 0.8 1.29 1.33
B -6.2 -6 5 5.1 1.29 1.33
B -0.4 -0.2 -4.9 -4.8 1.26 1.3
B 7.1 7.3 0.6 0.7 1.26 1.3
B -6.2 -6 4.9 5 1.26 1.3
B -0.4 -0.2 -5 -4.9 1.23 1.27
B 7.1 7.3 0.5 0.6 1.23 1.27
B -6.2 -6 4.8 4.9 1.23 1.27
B -0.4 -0.2 -5.1 -5 1.2 1.24
B 7.1 7.3 0.4 0.5 1.2 1.24
B -6.2 -6 4.7 4.8 1.2 1.24
B -0.5 -0.4 -5.3 -5.1 1.14 1.18
B 7 7.1 0.2 0.4 1.14 1.18
B -6.3 -6.2 4.5 4.7 1.14 1.18
B -0.6 -0.5 -5.3 -5.1 1.11 1.15
B 6.9 7 0.2 0.4 1.11 1.15
B -6.4 -6.3 4.5 4.7 1.11 1.15
B -0.7 -0.6 -5.3 -5.1 1.08 1.12
B 6.8 6.9 0.2 0.4 1.08 1.12
B -6.5 -6.4 4.5 4.7 1.08 1.12
B -0.8 -0.7 -5.3 -5.1 1.05 1.09
B 6.7 6.8 0.2 0.4 1.05 1.09
B -6.6 -6.5 4.5 4.7 1.05 1.09
B -0.9 -0.8 -5.3 -5.1 1.02 1.06
B 6.6 6.7 0.2 0.4 1.02 1.06
B -6.7 -6.6 4.5 4.7 1.02 1.06
B -1 -0.9 -5.3 -5.1 0.99 1.03
B 6.5 6.6 0.2 0.4 0.99 1.03
B -6.8 -6.7 4.5 4.7 0.99 1.03
B -1.1 -1 -5.3 -5.1 0.96 1
B 6.4 6.5 0.2 0.4 0.96 1
B -6.9 -6.8 4.5 4.7 0.96 1
B -1.2 -1.1 -5.3 -5.1 0.93 0.97
B 6.3 6.4 0.2 0.4 0.93 0.97
B -7 -6.9 4.5 4.7 0.93 0.97
B -1.3 -1.2 -5.3 -5.1 0.9 0.94
B 6.2 6.3 0.2 0.4 0.9 0.94
B -7.1 -7 4.5 4.7 0.9 0.94
B -1.5 -1.3 -5.1 -5 0.84 0.88
B 6 6.2 0.4 0.5 0.84 0.88
B -7.3 -7.1 4.7 4.8 0.84 0.88
B -1.5 -1.3 -5 -4.9 0.81 0.85
B 6 6.2 0.5 0.6 0.81 0.85
B -7.3 -7.1 4.8 4.9 0.81 0.85
B -1.5 -1.3 -4.9 -4.8 0.78 0.82
B 6 6.2 0.6 0.7 0.78 0.82
B -7.3 -7.1 4.9 5 0.78 0.82
B -1.5 -1.3 -4.8 -4.7 0.75 0.79
B 6 6.2 0.7 0.8 0.75 0.79
B -7.3 -7.1 5 5.1 0.75 0.79
B -1.5 -1.3 -4.7 -4.6 0.72 0.76
B 6 6.2 0.8 0.9 0.72 0.76
B -7.3 -7.1 5.1 5.2 0.72 0.76
B -1.5 -1.3 -4.6 -4.5 0.69 0.73
B 6 6.2 0.9 1 0.69 0.73
B -7.3 -7.1 5.2 5.3 0.69 0.73
B -1.5 -1.3 -4.5 -4.4 0.66 0.7
B 6 6.2 1 1.1 0.66 0.7
B -7.3 -7.1 5.3 5.4 0.66 0.7
B -1.5 -1.3 -4.4 -4.3 0.63 0.67
B 6 6.2 1.1 1.2 0.63 0.67
B -7.3 -7.1 5.4 5.5 0.63 0.67
B -1.5 -1.3 -4.3 -4.2 0.6 0.64
B 6 6.2 1.2 1.3 0.6 0.64
B -7.3 -7.1 5.5 5.6 0.6 0.64
B -1.3 -1.2 -4.2 -4 0.54 0.58
B 6.2 6.3 1.3 1.5 0.54 0.58
B -7.1 -7 5.6 5.8 0.54 0.58
B -1.2 -1.1 -4.2 -4 0.51 0.55
B 6.3 6.4 1.3 1.5 0.51 0.55
B -7 -6.9 5.6 5.8 0.51 0.55
B -1.1 -1 -4.2 -4 0.48 0.52
B 6.4 6.5 1.3 1.5 0.48 0.52
B -6.9 -6.8 5.6 5.8 0.48 0.52
B -1 -0.9 -4.2 -4 0.45 0.49
B 6.5 6.6 1.3 1.5 0.45 0.49
B -6.8 -6.7 5.6 5.8 0.45 0.49
B -0.9 -0.8 -4.2 -4 0.42 0.46
B 6.6 6.7 1.3 1.5 0.42 0.46
B -6.7 -6.6 5.6 5.8 0.42 0.46
B -0.8 -0.7 -4.2 -4 0.39 0.43
B 6.7 6.8 1.3 1.5 0.39 0.43
B -6.6 -6.5 5.6 5.8 0.39 0.43
B -0.7 -0.6 -4.2 -4 0.36 0.4
B 6.8 6.9 1.3 1.5 0.36 0.4
B -6.5 -6.4 5.6 5.8 0.36 0.4
B -0.6 -0.5 -4.2 -4 0.33 0.37
B 6.9 7 1.3 1.5 0.33 0.37
B -6.4 -6.3 5.6 5.8 0.33 0.37
B -0.5 -0.4 -4.2 -4 0.3 0.34
B 7 7.1 1.3 1.5 0.3 0.34
B -6.3 -6.2 5.6 5.8 0.3 0.34
B -0.4 -0.2 -4.3 -4.2 0.24 0.28
B 7.1 7.3 1.2 1.3 0.24 0.28
B -6.2 -6 5.5 5.6 0.24 0.28
B -0.4 -0.2 -4.4 -4.3 0.21 0.25
B 7.1 7.3 1.1 1.2 0.21 0.25
B -6.2 -6 5.4 5.5 0.21 0.25
B -0.4 -0.2 -4.5 -4.4 0.18 0.22
B 7.1 7.3 1 1.1 0.18 0.22
B -6.2 -6 5.3 5.4 0.18 0.22
B -0.4 -0.2 -4.6 -4.5 0.15 0.19
B 7.1 7.3 0.9 1 0.15 0.19
B -6.2 -6 5.2 5.3 0.15 0.19
B -0.4 -0.2 -4.7 -4.6 0.12 0.16
B 7.1 7.3 0.8 0.9 0.12 0.16
B -6.2 -6 5.1 5.2 0.12 0.16
B -0.4 -0.2 -4.8 -4.7 0.09 0.13
B 7.1 7.3 0.7 0.8 0.09 0.13
B -6.2 -6 5 5.1 0.09 0.13
B -0.4 -0.2 -4.9 -4.8 0.06 0.1
B 7.1 7.3 0.6 0.7 0.06 0.1
B -6.2 -6 4.9 5 0.06 0.1
B -0.4 -0.2 -5 -4.9 0.03 0.07
B 7.1 7.3 0.5 0.6 0.03 0.07
B -6.2 -6 4.8 4.9 0.03 0.07
B -0.4 -0.2 -5.1 -5 0 0.04
B 7.1 7.3 0.4 0.5 0 0.04
B -6.2 -6 4.7 4.8 0 0.04
B -0.5 -0.4 -5.3 -5.1 -0.06 -0.02
B 7 7.1 0.2 0.4 -0.06 -0.02
B -6.3 -6.2 4.5 4.7 -0.06 -0.02
B -0.6 -0.5 -5.3 -5.1 -0.09 -0.05
B 6.9 7 0.2 0.4 -0.09 -0.05
B -6.4 -6.3 4.5 4.7 -0.09 -0.05
B -0.7 -0.6 -5.3 -5.1 -0.12 -0.08
B 6.8 6.9 0.2 0.4 -0.12 -0.08
B -6.5 -6.4 4.5 4.7 -0.12 -0.08
B -0.8 -0.7 -5.3 -5.1 -0.15 -0.11
B 6.7 6.8 0.2 0.4 -0.15 -0.11
B -6.6 -6.5 4.5 4.7 -0.15 -0.11
B -0.9 -0.8 -5.3 -5.1 -0.18 -0.14
B 6.6 6.7 0.2 0.4 -0.18 -0.14
B -6.7 -6.6 4.5 4.7 -0.18 -0.14
B -1 -0.9 -5.3 -5.1 -0.21 -0.17
B 6.5 6.6 0.2 0.4 -0.21 -0.17
B -6.8 -6.7 4.5 4.7 -0.21 -0.17
B -1.1 -1 -5.3 -5.1 -0.24 -0.2
B 6.4 6.5 0.2 0.4 -0.24 -0.2
B -6.9 -6.8 4.5 4.7 -0.24 -0.2
B -1.2 -1.1 -5.3 -5.1 -0.27 -0.23
B 6.3 6.4 0.2 0.4 -0.27 -0.23
B -7 -6.9 4.5 4.7 -0.27 -0.23
B -1.3 -1.2 -5.3 -5.1 -0.3 -0.26
B 6.2 6.3 0.2 0.4 -0.3 -0.26
B -7.1 -7 4.5 4.7 -0.3 -0.26
e 3
C -0.45 -5.05 1.3 -0.45 -4.25 1.54 0.008 0.008
C 7.05 0.45 1.3 7.05 1.25 1.54 0.008 0.008
C -6.25 4.75 1.3 -6.25 5.55 1.54 0.008 0.008
C -1.25 -5.05 1 -0.45 -5.05 1.24 0.008 0.008
C 6.25 0.45 1 7.05 0.45 1.24 0.008 0.008
C -7.05 4.75 1 -6.25 4.75 1.24 0.008 0.008
C -1.25 -4.25 0.7 -1.25 -5.05 0.94 0.008 0.008
C 6.25 1.25 0.7 6.25 0.45 0.94 0.008 0.008
C -7.05 5.55 0.7 -7.05 4.75 0.94 0.008 0.008
C -0.45 -4.25 0.4 -1.25 -4.25 0.64 0.008 0.008
C 7.05 1.25 0.4 6.25 1.25 0.64 0.008 0.008
C -6.25 5.55 0.4 -7.05 5.55 0.64 0.008 0.008
C -0.45 -5.05 0.1 -0.45 -4.25 0.34 0.008 0.008
C 7.05 0.45 0.1 7.05 1.25 0.34 0.008 0.008
C -6.25 4.75 0.1 -6.25 5.55 0.34 0.008 0.008
C -1.25 -5.05 -0.2 -0.45 -5.05 0.04 0.008 0.008
C 6.25 0.45 -0.2 7.05 0.45 0.04 0.008 0.008
C -7.05 4.75 -0.2 -6.25 4.75 0.04 0.008 0.008
r 1.0 40 0.6 0.6 0.6
e 0
B 7.1 7.4 0.1 0.4 -0.03 0.011
B 7.1 7.4 1.3 1.6 0.27 0.311
B 5.9 6.2 1.3 1.6 0.57 0.611
B 5.9 6.2 0.1 0.4 0.87 0.911
B 7.1 7.4 0.1 0.4 1.17 1.211
B 7.1 7.4 1.3 1.6 1.47 1.511
B -6.2 -5.9 5.6 5.9 1.47 1.511
B -6.2 -5.9 4.4 4.7 1.17 1.211
B -7.4 -7.1 4.4 4.7 0.87 0.911
B -7.4 -7.1 5.6 5.9 0.57 0.611
B -6.2 -5.9 5.6 5.9 0.27 0.311
B -1.6 -1.3 -4.2 -3.9 0.57 0.611
B -0.4 -0.1 -4.2 -3.9 1.47 1.511
B -6.2 -5.9 4.4 4.7 -0.03 0.011
B -7.4 -7.1 4.4 4.7 -0.33 -0.289
B -1.6 -1.3 -5.4 -5.1 0.87 0.911
B -0.4 -0.1 -4.2 -3.9 0.27 0.311
B -0.4 -0.1 -5.4 -5.1 1.17 1.211
B 5.9 6.2 0.1 0.4 -0.33 -0.289
B -1.6 -1.3 -5.4 -5.1 -0.33 -0.289
B -0.4 -0.1 -5.4 -5.1 -0.03 0.011
r 1.0 60 0.8 0.8 0.8
B -7.3 -7.1 4.7 4.8 2.04 2.08
B -7.3 -7.1 4.8 4.9 2.01 2.05
B -7.3 -7.1 4.9 5 1.98 2.02
B -7.3 -7.1 5 5.1 1.95 1.99
B -7.3 -7.1 5.1 5.2 1.92 1.96
B -7.3 -7.1 5.2 5.3 1.89 1.93
B -7.3 -7.1 5.3 5.4 1.86 1.9
B -7.3 -7.1 5.4 5.5 1.83 1.87
B -7.3 -7.1 5.5 5.6 1.8 1.84
B -7.1 -7 5.6 5.8 1.74 1.78
B -7.4 -7 4.4 4.7 2.07 2.109
B -7 -6.9 5.6 5.8 1.71 1.75
B -6.9 -6.8 5.6 5.8 1.68 1.72
B -6.8 -6.7 5.6 5.8 1.65 1.69
B -6.7 -6.6 5.6 5.8 1.62 1.66
B -6.6 -6.5 5.6 5.8 1.59 1.63
B -6.5 -6.4 5.6 5.8 1.56 1.6
B -6.4 -6.3 5.6 5.8 1.53 1.57
B -6.3 -6.2 5.6 5.8 1.5 1.54
B -7.4 -7.1 5.6 5.9 1.77 1.81
e 3
C -7.05 5.55 1.9 -7.05 4.75 2.14 0.008 0.008
C -6.25 5.55 1.6 -7.05 5.55 1.84 0.008 0.008
l 0.3 0.6 0.6 0.6 1 rock2.png
r 1.0 1 0 0 0
y 3.2
e 0
a 1
C 0.2 -0.2 -0.23 0.2 -0.2 -0.21 0.072 0.074
l 0.3 0.8 0.8 0.8 1 rock2.png
y 2.5
e 125
B -7 -6.8 -6.2 -6 -0.39 -0.31
B -4 -3.8 -6.2 -6 -0.39 -0.31
B 2.5 2.7 -4.1 -3.9 -0.39 -0.31
B 2.5 2.7 -2.1 -1.9 -0.39 -0.31
B 2.5 2.7 -6.1 -5.9 -0.39 -0.31
B -1 -0.8 -6.2 -6 -0.39 -0.31
B 4 4.2 -2.1 -1.9 -0.39 -0.31
B 4 4.2 -6.1 -5.9 -0.39 -0.31
B 5.5 5.7 -2.1 -1.9 -0.39 -0.31
B 5.5 5.7 -6.1 -5.9 -0.39 -0.31
B 7 7.2 -4.1 -3.9 -0.39 -0.31
B 7 7.2 -6.1 -5.9 -0.39 -0.31
B 7 7.2 -2.1 -1.9 -0.39 -0.31
l 0.66 1 1 1 1 paneling.png
y 5
X normal_maps/paneling_NRM.jpg 1 1
e 3
a 0
B 1.8 1.9 1.85 2.3 -0.26 -0.15
B 1.1 1.9 1.75 1.85 -0.26 -0.15
B 1.1 1.2 1.85 2.3 -0.26 -0.15
l 0.9 0.7 0.6 0.55 1 cblock.png
r 1.0 0 0 0 0
y 6
X normal_maps/cblock_NRM.jpg 1 1
e 49
B -7 -6.8 -6.5 -6.2 -0.59 -0.29
e 17
B 5.5 7 -3.9 -2.1 -0.59 -0.29
B 5.5 7 -1.9 -1 -0.59 -0.29
e 5
B 2.7 4 -3.9 -1 -0.59 -0.29
e 17
B 4 5.5 -3.9 -2.1 -0.59 -0.29
B 4 5.5 -1.9 -1 -0.59 -0.29
e 49
B 2.5 2.7 -3.9 -2.1 -0.59 -0.29
e 9
B 2.7 4 -6.5 -6 -0.59 -0.29
e 49
B 2.5 2.7 -6.5 -6.1 -0.59 -0.29
e 9
B -0.8 2.5 -6.5 -6 -0.59 -0.29
B 7.2 8 -6 -5.9 -0.59 -0.29
e 49
B 2.5 2.7 -1.9 -1 -0.59 -0.29
e 1
B -6.8 2.5 -5.9 -1 -0.59 -0.29
e 49
B 2.5 2.7 -5.9 -4.1 -0.59 -0.29
e 1
B 7.9 8 6 6.5 -0.69 -0.34
e 9
B -6.8 2.5 -6 -5.9 -0.59 -0.29
e 49
B -1 -0.8 -6.5 -6.2 -0.59 -0.29
e 9
B -3.8 -1 -6.5 -6 -0.59 -0.29
e 49
B -4 -3.8 -6.5 -6.2 -0.59 -0.29
e 9
B -6.8 -4 -6.5 -6 -0.59 -0.29
e 13
B 7.2 8 -6.1 -6 -0.59 -0.29
e 33
B -8 -6.8 -6 -1 -0.59 -0.29
e 9
B -8 -7 -6.5 -6 -0.59 -0.29
e 3
B 7.7 8 2.2 2.6 -0.54 -0.47
B 7.7 8 2.2 2.6 -0.69 -0.54
e 10
B 7.7 8 2 2.2 -0.47 -0.41
e 9
B 7.7 8 2 2.2 -0.69 -0.54
e 3
B 7.7 8 0.9 2 -0.54 -0.47
B 7.7 8 0.9 2 -0.69 -0.54
e 14
B 7.7 8 0.7 0.9 -0.47 -0.41
e 13
B 7.7 8 0.7 0.9 -0.69 -0.54
e 2
B 7.7 8 -0.9 0.7 -0.47 -0.41
e 3
B 7.7 8 -0.9 0.7 -0.54 -0.47
e 1
B 7.7 8 -0.9 0.7 -0.69 -0.54
e 3
B -8 -7.7 2.2 2.6 -0.54 -0.47
e 1
B -8 -7.7 2.2 2.6 -0.69 -0.54
e 10
B -8 -7.7 2 2.2 -0.47 -0.41
e 9
B -8 -7.7 2 2.2 -0.69 -0.54
e 0
B -2.61 5.2 2.9 6.5 -0.34 -0.29
e 3
B -8 -7.7 0.9 2 -0.54 -0.47
e 10
B -8 -7.7 0.7 0.9 -0.47 -0.41
e 9
B -8 -7.7 0.7 0.9 -0.69 -0.54
e 3
B -8 -7.7 -0.4 0.7 -0.54 -0.47
e 1
B -8 -7.7 -0.4 0.7 -0.69 -0.54
e 14
B -8 -7.7 -0.6 -0.4 -0.47 -0.41
e 13
B -8 -7.7 -0.6 -0.4 -0.69 -0.54
e 2
B -8 -7.7 -0.9 -0.6 -0.47 -0.41
e 3
B -8 -7.7 -0.9 -0.6 -0.54 -0.47
e 1
B -8 -7.7 -0.9 -0.6 -0.69 -0.54
e 3
B -8 -6.66 2.6 2.9 -0.69 -0.41
e 16
B -6.66 -6 2.9 4.5 -0.41 -0.34
e 1
B -8 -6.66 2.9 4.5 -0.69 -0.34
e 13
B 7.2 8 -4.1 -3.9 -0.59 -0.29
e 48
B -3.39 -2.61 5.85 6.5 -0.34 -0.29
B -3.39 -2.61 2.9 5 -0.34 -0.29
e 0
B -6 -3.39 2.9 6.5 -0.34 -0.29
e 4
B -8 -6.75 5 6.5 -0.36 -0.34
e 1
B -8 -6.75 4.5 5 -0.69 -0.34
e 16
B 5.2 8 3.35 6.5 -0.34 -0.29
B 5.2 8 2.9 3.05 -0.34 -0.29
e 48
B -6.2 -6 5.8 6.5 -0.34 -0.29
B -6.2 -6 2.9 4.5 -0.34 -0.29
e 0
B -8 -6.2 2.9 6.5 -0.34 -0.29
e 3
B -8 -7.7 0.9 2 -0.69 -0.54
B 7.7 8 2.2 2.6 -0.47 -0.41
B 7.7 8 0.9 2 -0.47 -0.41
e 2
B -8 -7.7 2.2 2.6 -0.47 -0.41
e 3
B -8 -7.7 0.9 2 -0.47 -0.41
e 2
B -8 -7.7 -0.4 0.7 -0.47 -0.41
e 3
B 0.6 8 2.6 2.9 -0.69 -0.41
B -6.44 0.2 2.6 2.9 -0.69 -0.41
B -8 8 -1 -0.85 -0.69 -0.41
e 1
B -8 8 -1 2.9 -0.79 -0.69
e 0
B -8 8 -1 2.9 -0.41 -0.29
e 1
B -6.75 -5.8 6.4 6.5 -0.69 -0.34
B -6 -5.9 4.5 5.9 -0.69 -0.34
B -6.32 -6.2 4.5 5.9 -0.69 -0.34
B 5 6.5 3.35 3.5 -0.69 -0.34
B 5 6.5 2.9 3.05 -0.69 -0.34
B 7.5 8 6.4 6.5 -0.69 -0.34
e 3
B -8 -6.75 5.2 6.5 -0.69 -0.36
B -6.44 -6 2.9 4.5 -0.69 -0.41
e 12
B 6.5 8 3.05 3.35 -0.34 -0.29
e 1
B -8 8 2.9 6.5 -0.99 -0.69
e 13
B 5.7 7 -6.1 -6 -0.59 -0.29
e 9
B 4.2 5.5 -6 -5.9 -0.59 -0.29
e 13
B 4.2 5.5 -6.1 -6 -0.59 -0.29
e 9
B 2.7 4 -6 -5.9 -0.59 -0.29
B 5.7 7 -6 -5.9 -0.59 -0.29
e 17
B 4 8 -6.5 -6.1 -0.59 -0.29
e 9
B 2.7 7 -5.9 -3.9 -0.59 -0.29
e 13
B 5.7 7 -2.1 -1.9 -0.59 -0.29
e 17
B 7 8 -5.9 -4.1 -0.59 -0.29
e 13
B 7.2 8 -2.1 -1.9 -0.59 -0.29
e 17
B 7 8 -3.9 -2.1 -0.59 -0.29
B 7 8 -1.9 -1 -0.59 -0.29
e 13
B 4.2 5.5 -2.1 -1.9 -0.59 -0.29
Y 0 0 1
e 3
P 4 -7.4 -0.9 -0.41 -7.7 -0.9 -0.42 -7.7 2.6 -0.42 -7.4 2.6 -0.41 0
P 4 7.4 -0.9 -0.41 7.7 -0.9 -0.42 7.7 2.6 -0.42 7.4 2.6 -0.41 0
P 4 -7.4 -0.9 -0.69 -7.7 -0.9 -0.68 -7.7 2.6 -0.68 -7.4 2.6 -0.69 0
P 4 7.4 -0.9 -0.69 7.7 -0.9 -0.68 7.7 2.6 -0.68 7.4 2.6 -0.69 0
r 1.0 1 0 0 0
Y 0 0 0
X none
e 1
B -7.6 -7 5 5.2 -0.69 -0.66
B -8 -7.4 5 5.2 -0.69 -0.63
B -6.2 -6 4.5 4.6 -0.69 -0.31
e 5
B -6.2 -6 4.6 4.7 -0.69 -0.34
B -6.2 -6 4.7 4.8 -0.69 -0.37
B -6.2 -6 4.8 4.9 -0.69 -0.4
B -6.2 -6 4.9 5 -0.69 -0.43
B -6.2 -6 5 5.1 -0.69 -0.46
B -6.2 -6 5.1 5.2 -0.69 -0.49
B -6.2 -6 5.2 5.3 -0.69 -0.52
B -6.2 -6 5.3 5.4 -0.69 -0.55
B -6.2 -6 5.4 5.5 -0.69 -0.58
B -6.2 -6 5.5 5.6 -0.69 -0.61
B -6.2 -6 5.6 5.7 -0.69 -0.64
e 9
B 5.2 5.3 3.05 3.35 -0.69 -0.31
e 5
B -6.2 -6 5.7 5.8 -0.69 -0.67
e 9
B 5.3 5.4 3.05 3.35 -0.69 -0.34
B 5.4 5.5 3.05 3.35 -0.69 -0.37
B 5.5 5.6 3.05 3.35 -0.69 -0.4
B 5.6 5.7 3.05 3.35 -0.69 -0.43
B 5.7 5.8 3.05 3.35 -0.69 -0.46
B 5.8 5.9 3.05 3.35 -0.69 -0.49
B 5.9 6 3.05 3.35 -0.69 -0.52
B 6 6.1 3.05 3.35 -0.69 -0.55
B 6.1 6.2 3.05 3.35 -0.69 -0.58
B 6.2 6.3 3.05 3.35 -0.69 -0.61
B 6.3 6.4 3.05 3.35 -0.69 -0.64
B -8 5 -6.8 -6.7 -0.59 -0.38
B -8 5.5 -6.7 -6.6 -0.59 -0.35
B -8 6.5 -6.6 -6.5 -0.59 -0.32
B -3.5 -1 -7.3 -7.2 -0.59 -0.53
B -4 -0.5 -7.2 -7.1 -0.59 -0.5
B -4.5 0.5 -7.1 -7 -0.59 -0.47
B -5 2.5 -7 -6.9 -0.59 -0.44
B -7.5 3.5 -6.9 -6.8 -0.59 -0.41
B 6.4 6.5 3.05 3.35 -0.69 -0.67
l 0.6 1 1 1 1 fence.jpg
density 0.7
y 8
X normal_maps/fence_NRM.jpg 1 1
e 0
movable 1
a 2
B 4 4.1 -1 -0.9 -0.29 -0.19
B 4 4.1 -1 -0.9 -0.19 -0.09
B -4.3 -4.2 5.5 5.6 -0.276 -0.184
B 6 6.1 4 4.1 -0.69 -0.61
B 7.9 8.22 5 5.2 -0.29 -0.27
density 1
y 4.8
movable 0
B 5.8062 5.8138 -0.1456 -0.1304 -0.214 -0.176
B 5.8062 5.8138 -0.2216 -0.2064 -0.214 -0.176
B 6.1862 6.1938 -0.138 -0.1304 -0.214 -0.176
B 6.1862 6.1938 -0.2216 -0.214 -0.214 -0.176
B 4.7967 5.2033 -5.202 -5.05 -0.2292 -0.214
B 4.7986 4.8214 -5.0994 -5.0614 -0.29 -0.2292
B 4.7986 4.8214 -5.1906 -5.1526 -0.29 -0.2292
B 5.1786 5.2014 -5.0994 -5.0614 -0.29 -0.2292
B 5.1786 5.2014 -5.1906 -5.1526 -0.29 -0.2292
B 4.7948 4.829 -5.1944 -5.031 -0.176 -0.1684
B 5.171 5.2052 -5.1944 -5.031 -0.176 -0.1684
B 4.8062 4.8138 -5.0956 -5.0804 -0.214 -0.176
B 4.8062 4.8138 -5.1716 -5.1564 -0.214 -0.176
B 5.1862 5.1938 -5.088 -5.0804 -0.214 -0.176
B 5.1862 5.1938 -5.1716 -5.164 -0.214 -0.176
B 4.7967 5.2033 -3.36 -3.208 -0.2292 -0.214
B 4.7986 4.8214 -3.3486 -3.3106 -0.29 -0.2292
B 4.7986 4.8214 -3.2574 -3.2194 -0.29 -0.2292
B 5.1786 5.2014 -3.3486 -3.3106 -0.29 -0.2292
B 5.1786 5.2014 -3.2574 -3.2194 -0.29 -0.2292
B 4.7948 4.829 -3.379 -3.2156 -0.176 -0.1684
B 5.171 5.2052 -3.379 -3.2156 -0.176 -0.1684
B 4.8062 4.8138 -3.3296 -3.3144 -0.214 -0.176
B 4.8062 4.8138 -3.2536 -3.2384 -0.214 -0.176
B 5.1862 5.1938 -3.3296 -3.322 -0.214 -0.176
B 5.1862 5.1938 -3.246 -3.2384 -0.214 -0.176
B 0.2026 0.2406 -1.3214 -1.2986 -0.29 -0.2292
B 0.1 0.252 -1.7033 -1.2967 -0.2292 -0.214
B 0.1114 0.1494 -1.7014 -1.6786 -0.29 -0.2292
B 0.2026 0.2406 -1.7014 -1.6786 -0.29 -0.2292
B 0.1114 0.1494 -1.3214 -1.2986 -0.29 -0.2292
B 0.081 0.2444 -1.7052 -1.671 -0.176 -0.1684
B 0.081 0.2444 -1.329 -1.2948 -0.176 -0.1684
B 0.1304 0.1456 -1.6938 -1.6862 -0.214 -0.176
B 0.2064 0.2216 -1.6938 -1.6862 -0.214 -0.176
B 0.1304 0.138 -1.3138 -1.3062 -0.214 -0.176
B 0.214 0.2216 -1.3138 -1.3062 -0.214 -0.176
B 0.1 0.252 -4.4033 -3.9967 -0.2292 -0.214
B 0.1114 0.1494 -4.4014 -4.3786 -0.29 -0.2292
B 0.2026 0.2406 -4.4014 -4.3786 -0.29 -0.2292
B 0.1114 0.1494 -4.0214 -3.9986 -0.29 -0.2292
B 0.2026 0.2406 -4.0214 -3.9986 -0.29 -0.2292
B 0.081 0.2444 -4.4052 -4.371 -0.176 -0.1684
B 0.081 0.2444 -4.029 -3.9948 -0.176 -0.1684
B 0.1304 0.1456 -4.3938 -4.3862 -0.214 -0.176
B 0.2064 0.2216 -4.3938 -4.3862 -0.214 -0.176
B 0.1304 0.138 -4.0138 -4.0062 -0.214 -0.176
B 0.214 0.2216 -4.0138 -4.0062 -0.214 -0.176
B 6.47 6.622 -4.4033 -3.9967 -0.2292 -0.214
B 6.4814 6.5194 -4.4014 -4.3786 -0.29 -0.2292
B 6.5726 6.6106 -4.4014 -4.3786 -0.29 -0.2292
B 6.4814 6.5194 -4.0214 -3.9986 -0.29 -0.2292
B 6.5726 6.6106 -4.0214 -3.9986 -0.29 -0.2292
B 6.451 6.6144 -4.4052 -4.371 -0.176 -0.1684
B 6.451 6.6144 -4.029 -3.9948 -0.176 -0.1684
B 6.5004 6.5156 -4.3938 -4.3862 -0.214 -0.176
B 6.5764 6.5916 -4.3938 -4.3862 -0.214 -0.176
B 6.5004 6.508 -4.0138 -4.0062 -0.214 -0.176
B 6.584 6.5916 -4.0138 -4.0062 -0.214 -0.176
B 3.378 3.53 -4.4033 -3.9967 -0.2292 -0.214
B 3.4806 3.5186 -4.4014 -4.3786 -0.29 -0.2292
B 3.3894 3.4274 -4.4014 -4.3786 -0.29 -0.2292
B 3.4806 3.5186 -4.0214 -3.9986 -0.29 -0.2292
B 3.3894 3.4274 -4.0214 -3.9986 -0.29 -0.2292
B 3.3856 3.549 -4.4052 -4.371 -0.176 -0.1684
B 3.3856 3.549 -4.029 -3.9948 -0.176 -0.1684
B 3.4844 3.4996 -4.3938 -4.3862 -0.214 -0.176
B 3.4084 3.4236 -4.3938 -4.3862 -0.214 -0.176
B 3.492 3.4996 -4.0138 -4.0062 -0.214 -0.176
B 3.4084 3.416 -4.0138 -4.0062 -0.214 -0.176
B 2.5967 3.0033 -0.252 -0.1 -0.2292 -0.214
B 2.5986 2.6214 -0.1494 -0.1114 -0.29 -0.2292
B 2.5986 2.6214 -0.2406 -0.2026 -0.29 -0.2292
B 2.9786 3.0014 -0.1494 -0.1114 -0.29 -0.2292
B 2.9786 3.0014 -0.2406 -0.2026 -0.29 -0.2292
B 2.5948 2.629 -0.2444 -0.081 -0.176 -0.1684
B 2.971 3.0052 -0.2444 -0.081 -0.176 -0.1684
B 2.6062 2.6138 -0.1456 -0.1304 -0.214 -0.176
B 2.6062 2.6138 -0.2216 -0.2064 -0.214 -0.176
B 2.9862 2.9938 -0.138 -0.1304 -0.214 -0.176
B 2.9862 2.9938 -0.2216 -0.214 -0.214 -0.176
B 3.9967 4.4033 -0.252 -0.1 -0.2292 -0.214
B 3.9986 4.0214 -0.1494 -0.1114 -0.29 -0.2292
B 3.9986 4.0214 -0.2406 -0.2026 -0.29 -0.2292
B 4.3786 4.4014 -0.1494 -0.1114 -0.29 -0.2292
B 4.3786 4.4014 -0.2406 -0.2026 -0.29 -0.2292
B 3.9948 4.029 -0.2444 -0.081 -0.176 -0.1684
B 4.371 4.4052 -0.2444 -0.081 -0.176 -0.1684
B 4.0062 4.0138 -0.1456 -0.1304 -0.214 -0.176
B 4.0062 4.0138 -0.2216 -0.2064 -0.214 -0.176
B 4.3862 4.3938 -0.138 -0.1304 -0.214 -0.176
B 4.3862 4.3938 -0.2216 -0.214 -0.214 -0.176
B 5.7967 6.2033 -0.252 -0.1 -0.2292 -0.214
B 5.7986 5.8214 -0.1494 -0.1114 -0.29 -0.2292
B 5.7986 5.8214 -0.2406 -0.2026 -0.29 -0.2292
B 6.1786 6.2014 -0.1494 -0.1114 -0.29 -0.2292
B 6.1786 6.2014 -0.2406 -0.2026 -0.29 -0.2292
B 5.7948 5.829 -0.2444 -0.081 -0.176 -0.1684
B 6.171 6.2052 -0.2444 -0.081 -0.176 -0.1684
density 0.7
y 8
movable 1
C 7.3 -3.6 -0.24 7.3 -3.7 -0.24 0.05 0.05
C 5.3 -1.6 -0.24 5.3 -1.7 -0.24 0.05 0.05
C 7.5 -3.5 -0.29 7.5 -3.5 -0.19 0.05 0.05
C 4.5 -1.2 -0.29 4.5 -1.2 -0.19 0.05 0.05
S 5 -1.4 -0.24 0.05
density 1
y 4.8
movable 0
P 4 4.81 -5.012 -0.1 5.19 -5.012 -0.1 5.19 -5.0576 -0.2292 4.81 -5.0576 -0.2292 0.0152
P 4 0.062 -4.39 -0.1 0.062 -4.01 -0.1 0.1076 -4.01 -0.2292 0.1076 -4.39 -0.2292 0.0152
P 4 3.568 -4.39 -0.1 3.568 -4.01 -0.1 3.5224 -4.01 -0.2292 3.5224 -4.39 -0.2292 0.0152
P 4 6.432 -4.39 -0.1 6.432 -4.01 -0.1 6.4776 -4.01 -0.2292 6.4776 -4.39 -0.2292 0.0152
P 4 4.81 -3.398 -0.1 5.19 -3.398 -0.1 5.19 -3.3524 -0.2292 4.81 -3.3524 -0.2292 0.0152
P 4 0.062 -1.69 -0.1 0.062 -1.31 -0.1 0.1076 -1.31 -0.2292 0.1076 -1.69 -0.2292 0.0152
P 4 2.61 -0.062 -0.1 2.99 -0.062 -0.1 2.99 -0.1076 -0.2292 2.61 -0.1076 -0.2292 0.0152
P 4 4.01 -0.062 -0.1 4.39 -0.062 -0.1 4.39 -0.1076 -0.2292 4.01 -0.1076 -0.2292 0.0152
P 4 5.81 -0.062 -0.1 6.19 -0.062 -0.1 6.19 -0.1076 -0.2292 5.81 -0.1076 -0.2292 0.0152
density 0.7
y 8
movable 1
P 3 6 -2.5 -0.29 6.2 -2.5 -0.29 6 -2.5 -0.19 0.1
k 5 -2.3 -0.24 5.05 -2.35 -0.24 0.05 0.05
k 4.9 -2 -0.24 5 -2 -0.24 0.05 0.05
l 0.1 1 1 1 1 skull.png
density 1
y 3.1
X none
movable 0
a 1
B 2.55 2.9 -3.001 -2.999 2.31 2.51
l 0.8 1 1 1 1 radiation.png 1 1 0 1
y 100
Y 0.1 0 0
a 0
B -6.31 -6.29 2.59 2.6 -0.59 -0.57
B -6.31 -6.29 -0.85 -0.849 -0.59 -0.57
l 0.87 1 1 1 1 yuck.png 1 1 0 0
y 48
e 3
a 4
C -6.7 4.55 -0.6 -6.7 4.55 -0.564 0.0189 0.0189
C -6.4 4.55 -0.6 -6.4 4.55 -0.564 0.0189 0.0189
C -3.45 5.55 -0.6 -3.45 5.55 -0.564 0.0189 0.0189
C -2.55 5.55 -0.6 -2.55 5.55 -0.564 0.0189 0.0189
l 0.7 0.5 0.5 0.5 1 wood.jpg
y 8
Y 0 0 0
X normal_maps/wood_NRM.jpg 1 1
e 1
a 2
P 4 -8.16 5.32 -0.69 -8 5.2 -0.69 -8 5.2 -0.36 -8.16 5.32 -0.36 0.02
l 0.7 0.6 0.6 0.6 1 wood.jpg
y 5
e 0
a 0
B -4.2196 -3.7804 -3.1116 -2.8884 0.4216 0.436
B -4.216 -4.1944 -3.108 -3.0864 0.31 0.4216
B -4.216 -4.1944 -2.9136 -2.892 0.31 0.4216
B -3.8056 -3.784 -2.9136 -2.892 0.31 0.4216
B -4.2196 -3.7804 -1.1116 -0.8884 0.4216 0.436
B -4.216 -4.1944 -1.108 -1.0864 0.31 0.4216
B -4.216 -4.1944 -0.9136 -0.892 0.31 0.4216
B -3.8056 -3.784 -1.108 -1.0864 0.31 0.4216
B -3.8056 -3.784 -0.9136 -0.892 0.31 0.4216
y 6
a 2
B -4.1504 -4.0496 -0.7996 -0.7888 0.4108 0.5476
B -4.304 -4.2896 -0.9604 -0.946 0.31 0.3964
B -4.154 -4.1396 -0.8104 -0.796 0.31 0.3964
B -4.0604 -4.046 -1.1104 -1.096 0.31 0.3964
B -4.154 -4.1396 -1.204 -1.1896 0.31 0.3964
B -4.154 -4.1396 -1.1104 -1.096 0.31 0.3964
B -4.154 -4.1396 -0.904 -0.8896 0.31 0.3964
y 5
a 0
B -3.8056 -3.784 -3.108 -3.0864 0.31 0.4216
y 6
a 2
B -4.1504 -4.0496 -1.2112 -1.2004 0.4108 0.5476
B -4.0604 -4.046 -1.204 -1.1896 0.31 0.3964
B -3.9504 -3.8496 -1.2112 -1.2004 0.4108 0.5476
B -4.0604 -4.046 -0.904 -0.8896 0.31 0.3964
B -3.954 -3.9396 -1.1104 -1.096 0.31 0.3964
B -3.8604 -3.846 -0.8104 -0.796 0.31 0.3964
B -4.0604 -4.046 -0.8104 -0.796 0.31 0.3964
B -3.9504 -3.8496 -0.7996 -0.7888 0.4108 0.5476
B -3.804 -3.7896 -0.9604 -0.946 0.31 0.3964
B -3.8604 -3.846 -0.904 -0.8896 0.31 0.3964
B -3.954 -3.9396 -0.8104 -0.796 0.31 0.3964
B -3.954 -3.9396 -0.904 -0.8896 0.31 0.3964
B -3.954 -3.9396 -1.204 -1.1896 0.31 0.3964
B -3.8604 -3.846 -1.1104 -1.096 0.31 0.3964
B -3.8604 -3.846 -1.204 -1.1896 0.31 0.3964
B -3.6996 -3.6888 -1.0504 -0.9496 0.4108 0.5476
B -3.804 -3.7896 -1.054 -1.0396 0.31 0.3964
B -4.2104 -4.196 -0.9604 -0.946 0.31 0.3964
B -4.304 -4.2896 -1.054 -1.0396 0.31 0.3964
B -4.2104 -4.196 -1.054 -1.0396 0.31 0.3964
B -4.3112 -4.3004 -1.0504 -0.9496 0.4108 0.5476
B -3.7104 -3.696 -1.054 -1.0396 0.31 0.3964
B -3.7104 -3.696 -0.9604 -0.946 0.31 0.3964
y 5
a 0
B -5.3056 -5.284 -0.9136 -0.892 -0.28 -0.1684
B -5.7196 -5.2804 -1.1116 -0.8884 -0.1684 -0.154
B -5.716 -5.6944 -0.9136 -0.892 -0.28 -0.1684
B -5.3056 -5.284 -1.108 -1.0864 -0.28 -0.1684
B -5.716 -5.6944 -1.108 -1.0864 -0.28 -0.1684
Y 0 0 1
B 4.892 5.108 1.892 2.108 -0.1684 -0.1576
y 6
Y 0 0 0
a 2
B 1.446 1.4604 2.1396 2.154 -0.26 -0.1736
B 1.5396 1.554 2.046 2.0604 -0.26 -0.1736
B 1.5396 1.554 2.1396 2.154 -0.26 -0.1736
B 1.446 1.4604 2.046 2.0604 -0.26 -0.1736
B 1.4496 1.5504 2.1504 2.1612 -0.1592 -0.0224
y 5
a 0
B 5.1026 5.1134 1.928 2.072 -0.28 -0.271
B 4.8866 4.8974 1.928 2.072 -0.28 -0.271
B 5.036 5.18 1.9946 2.0054 -0.28 -0.271
B 4.82 4.964 1.9946 2.0054 -0.28 -0.271
C 4.892 2 -0.16804 4.892 2 -0.15796 0.108 0.108
C 5.108 2 -0.16804 5.108 2 -0.15796 0.108 0.108
C 4.892 2 -0.28 4.892 2 -0.16804 0.0108 0.0108
C 5.108 2 -0.28 5.108 2 -0.16804 0.0108 0.0108
l 0.45 0.95 0.95 0.95 1 particleb.png
y 2.5
X normal_maps/particleb_NRM.jpg 1 1
e 6
a 1
B -0.1 6 1.5 5.9 1.96 1.98
e 2
B 6 7.4 0.1 0.2 1.96 1.98
B 6 7.4 1.5 5.9 1.96 1.98
e 14
B 7.3 7.4 0.2 1.5 1.96 1.98
e 10
B -0.1 6 0.1 1.5 1.96 1.98
e 2
B 6 7.4 1.5 5.9 1.36 1.38
e 6
B -0.1 6 1.5 5.9 1.36 1.38
e 10
B -0.1 6 0.1 1.5 1.36 1.38
e 14
B 7.3 7.4 0.2 1.5 1.36 1.38
e 2
B 6 7.4 0.1 0.2 1.36 1.38
B 6 7.4 1.5 5.9 0.76 0.78
e 14
B 7.3 7.4 0.2 1.5 0.76 0.78
e 10
B -0.1 6 0.1 1.5 0.76 0.78
e 6
B -0.1 6 1.5 5.9 0.76 0.78
e 2
B 6 7.4 0.1 0.2 0.76 0.78
e 34
B -0.1 3.1 3.2 5.9 0.16 0.18
e 10
B 3.1 6 0.1 3.2 0.16 0.18
B -7.4 -3.5 -5.4 0.5 1.96 1.98
B -0.1 0.4 0.1 3.2 0.16 0.18
e 18
B -3.5 -0.1 -4 0.5 1.96 1.98
e 14
B -7.4 -3.5 0.5 3 1.96 1.98
e 18
B -1.5 -0.1 -5.4 -5.3 1.96 1.98
e 22
B -7.3 -3.5 3 4.5 1.96 1.98
e 14
B -0.5 -0.1 0.5 3 1.96 1.98
e 6
B 3.1 7.4 3.2 5.9 0.16 0.18
e 18
B -7.3 -3.5 5.8 5.9 1.96 1.98
e 2
B 6 7.4 0.1 0.2 0.16 0.18
e 10
B 6 7.4 1.5 3.2 0.16 0.18
e 18
B -3.5 -0.1 3 5.9 1.96 1.98
e 6
B -7.4 -7.3 3 5.9 1.96 1.98
e 14
B -0.2 -0.1 -5.3 -4 1.96 1.98
e 10
B -6 -3.5 4.5 5.8 1.96 1.98
e 50
B 0.4 3.1 0.1 0.5 0.16 0.18
e 14
B 7.3 7.4 0.2 1.5 0.16 0.18
e 26
B -3.5 -1.5 -5.4 -4 1.96 1.98
e 2
B -7.4 -3.3 -5.4 0.7 1.36 1.38
e 14
B -0.7 -0.1 0.7 2.8 1.36 1.38
e 18
B -1.5 -0.1 -5.4 -5.3 1.36 1.38
B -7.3 -3.39 5.8 5.9 1.36 1.38
B -3.39 -3.3 4.5 5 1.36 1.38
e 10
B -6 -3.39 4.5 5.8 1.36 1.38
e 18
B -3.3 -0.1 2.8 5 1.36 1.38
e 14
B -7.4 -3.3 0.7 2.8 1.36 1.38
e 18
B -3.3 -0.1 5.85 5.9 1.36 1.38
e 6
B -7.4 -7.3 2.8 5.9 1.36 1.38
e 22
B -7.3 -3.3 2.8 4.5 1.36 1.38
e 18
B -3.39 -3.3 5.85 5.9 1.36 1.38
e 14
B -0.2 -0.1 -5.3 -4 1.36 1.38
e 26
B -3.3 -1.5 -5.4 -4 1.36 1.38
e 14
B -2.61 -0.1 5 5.85 1.36 1.38
e 18
B -3.3 -0.1 -4 0.7 1.36 1.38
e 14
B -0.2 -0.1 -5.3 -4 0.76 0.78
B -6 -1.5 -4 4.5 0.76 0.78
e 50
B -7.3 -6 5.8 5.9 0.76 0.78
e 10
B -7.4 -1.5 -5.4 -4 0.76 0.78
e 14
B -2.61 -1.5 5 5.85 0.76 0.78
e 38
B -7.4 -6 -4 4.5 0.76 0.78
e 18
B -3.39 -1.5 4.5 5 0.76 0.78
B -3.39 -1.5 5.85 5.9 0.76 0.78
B -1.5 -0.1 -4 5.9 0.76 0.78
e 2
B -7.4 -7.3 4.5 5.9 0.76 0.78
e 18
B -1.5 -0.1 -5.4 -5.3 0.76 0.78
e 2
B -6 -3.39 4.5 5.9 0.76 0.78
e 18
B -1.5 -0.1 -4 5.9 0.16 0.18
e 38
B -7.4 -6 -4 4.5 0.16 0.18
e 2
B -7.4 -7.3 4.5 5.9 0.16 0.18
e 50
B -7.3 -6 5.8 5.9 0.16 0.18
e 14
B -6 -1.5 -4 4.5 0.16 0.18
e 2
B -6 -3.39 4.5 5.9 0.16 0.18
e 18
B -3.39 -1.5 4.5 5 0.16 0.18
B -3.39 -1.5 5.85 5.9 0.16 0.18
e 14
B -0.2 -0.1 -5.3 -4 0.16 0.18
e 10
B -7.4 -1.5 -5.4 -4 0.16 0.18
e 14
B -2.61 -1.5 5 5.85 0.16 0.18
e 18
B -1.5 -0.1 -5.4 -5.3 0.16 0.18
l 0.4 0.1 0.15 0.5 1 plaster.png
y 8
X none
e 0
a 2
B -3.9576 -3.8424 -0.9076 -0.7888 0.3964 0.4108
B -3.8076 -3.6888 -1.0576 -0.9424 0.3964 0.4108
B -4.1576 -4.0424 -0.9076 -0.7888 0.3964 0.4108
B -4.3112 -4.1924 -1.0576 -0.9424 0.3964 0.4108
B -3.9576 -3.8424 -1.2112 -1.0924 0.3964 0.4108
B -4.1576 -4.0424 -1.2112 -1.0924 0.3964 0.4108
B 1.4424 1.5576 2.0424 2.1612 -0.1736 -0.1592
l 0.8 0.2 0.2 0.2 1 plaster.png
X normal_maps/dirt_normal.jpg 1 1
e 1
a 0
B -5.8 -4.1 6.5 9.9 -0.99 -0.81
B -6.1 -4.2 6.5 9.9 -0.99 -0.78
B -5.8 -4 6.5 9.9 -0.99 -0.84
B -5.8 -3.9 6.5 7.5 -0.99 -0.87
B -6 -4.3 6.5 9.9 -0.99 -0.75
B -5.9 -4.4 6.5 9.9 -0.99 -0.72
B 8 9.9 4.4 5.8 -0.99 -0.78
B 8 9.9 5.5 6.1 -0.99 -0.87
B 8 9.9 5.5 5.9 -0.99 -0.81
B 8 9.9 5.5 6 -0.99 -0.84
B -5.8 -4.5 6.5 9.9 -0.99 -0.69
B 8 9.9 5.5 6.2 -0.99 -0.9
B 8 9.9 4.5 5.7 -0.99 -0.75
B 8 9.9 4.6 5.6 -0.99 -0.72
B 8 9.9 4.7 5.5 -0.99 -0.69
e 0
B 9.2 9.6 -2.3 0.3 -0.69 -0.47
B 9.2 9.6 -2.2 0.2 -0.69 -0.44
B 9.2 9.6 -2.1 0.0999999 -0.69 -0.41
B 9.2 9.6 -2 -7.45058e-008 -0.69 -0.38
B 9.2 9.6 -1.9 -0.1 -0.69 -0.35
B 9.2 9.6 -1.8 -0.2 -0.69 -0.32
B 9.2 9.6 -1.7 -0.3 -0.69 -0.29
B 9.2 9.6 -1.6 -0.4 -0.69 -0.26
B 9.2 9.6 -1.5 -0.5 -0.69 -0.23
B 8.3 9.9 -1.3 -0.7 -0.22 -0.17
B 8.2 8.3 -1.3 -0.7 -0.25 -0.2
B 8.1 8.2 -1.3 -0.7 -0.28 -0.23
B 8 8.1 -1.3 -0.7 -0.69 -0.26
e 1
B 1.2 1.8 -10.05 -9.9 -0.49 -0.232
e 0
B 9.2 9.6 -1.4 -0.6 -0.69 -0.2
e 1
B 1.2 1.8 -9.9 -9.4 -0.49 -0.265
B 1.2 1.8 -9.4 -8.9 -0.49 -0.295
B 1.2 1.8 -8.9 -8.4 -0.49 -0.325
B 1.2 1.8 -8.4 -7.9 -0.49 -0.355
B 1.2 1.8 -7.4 -7 -0.49 -0.415
B 1.2 1.8 -7.9 -7.4 -0.49 -0.385
P 4 7.99 -4 -0.34 7.99 -3.8 -0.34 9 -3.8 -0.405 9 -4 -0.405 0.1
l 0.88 0.22 0.21 0.2 1 plaster.png
y 5.5
B 3.49 3.51 2.85 2.95 -0.67 2.19
B 3.43 3.57 5.83 5.85 -0.67 2.19
B 3.43 3.57 5.95 5.97 -0.67 2.19
B 3.49 3.51 5.85 5.95 -0.67 2.19
B 7.33 7.47 0.03 0.05 -0.67 2.19
B 7.33 7.47 0.15 0.17 -0.67 2.19
B -7.47 -7.33 2.95 2.97 -0.27 2.19
B 7.39 7.41 0.05 0.15 -0.67 2.19
B 7.33 7.47 2.83 2.85 -0.67 2.19
B 7.33 7.47 2.95 2.97 -0.67 2.19
B 7.39 7.41 2.85 2.95 -0.67 2.19
B 7.33 7.47 5.83 5.85 -0.67 2.19
B 7.33 7.47 5.95 5.97 -0.67 2.19
B 7.39 7.41 5.85 5.95 -0.67 2.19
B -7.47 -7.33 -5.47 -5.45 -0.27 2.19
B -7.47 -7.33 -5.35 -5.33 -0.27 2.19
B -7.41 -7.39 -5.45 -5.35 -0.27 2.19
B -7.47 -7.33 -2.47 -2.45 -0.27 2.19
B -7.47 -7.33 -2.35 -2.33 -0.27 2.19
B -7.41 -7.39 -2.45 -2.35 -0.27 2.19
B -7.47 -7.33 0.03 0.05 -0.67 2.19
B -7.47 -7.33 0.15 0.17 -0.67 2.19
B -7.41 -7.39 0.05 0.15 -0.67 2.19
B -7.47 -7.33 2.83 2.85 -0.27 2.19
B -7.41 -7.39 2.85 2.95 -0.27 2.19
B 3.43 3.57 2.95 2.97 -0.67 2.19
B -7.47 -7.33 5.83 5.85 -0.27 2.19
B -0.17 -0.03 -5.35 -5.33 -0.27 2.19
B 3.43 3.57 2.83 2.85 -0.67 2.19
B 3.49 3.51 0.05 0.15 -0.67 2.19
B 3.43 3.57 0.15 0.17 -0.67 2.19
B 3.43 3.57 0.03 0.05 -0.67 2.19
B -0.11 -0.09 5.85 5.95 -0.67 2.19
B -0.17 -0.03 5.95 5.97 -0.67 2.19
B -0.17 -0.03 5.83 5.85 -0.67 2.19
B -0.11 -0.09 2.85 2.95 -0.67 2.19
B -0.17 -0.03 2.95 2.97 -0.67 2.19
B -0.17 -0.03 2.83 2.85 -0.67 2.19
B -0.11 -0.09 0.05 0.15 -0.67 2.19
B -0.17 -0.03 0.15 0.17 -0.67 2.19
B -0.17 -0.03 0.03 0.05 -0.67 2.19
B -0.11 -0.09 -2.45 -2.35 -0.27 2.19
B -0.17 -0.03 -2.35 -2.33 -0.27 2.19
B -0.17 -0.03 -2.47 -2.45 -0.27 2.19
B -0.11 -0.09 -5.45 -5.35 -0.27 2.19
B -0.17 -0.03 -5.47 -5.45 -0.27 2.19
B -4.26 -4.24 5.85 5.95 -0.67 2.19
B -4.32 -4.18 5.95 5.97 -0.67 2.19
B -4.32 -4.18 5.83 5.85 -0.67 2.19
B -4.26 -4.24 2.85 2.95 -0.67 2.19
B -4.32 -4.18 2.95 2.97 -0.67 2.19
B -4.32 -4.18 2.83 2.85 -0.67 2.19
B -4.26 -4.24 0.05 0.15 -0.67 2.19
B -4.32 -4.18 0.15 0.17 -0.67 2.19
B -4.32 -4.18 0.03 0.05 -0.67 2.19
B -4.26 -4.24 -2.45 -2.35 -0.27 2.19
B -4.32 -4.18 -2.35 -2.33 -0.27 2.19
B -4.32 -4.18 -2.47 -2.45 -0.27 2.19
B -4.26 -4.24 -5.45 -5.35 -0.27 2.19
B -4.32 -4.18 -5.35 -5.33 -0.27 2.19
B -4.32 -4.18 -5.47 -5.45 -0.27 2.19
B -7.41 -7.39 5.85 5.95 -0.27 2.19
B -7.47 -7.33 5.95 5.97 -0.27 2.19
l 0.88 0.32 0.31 0.3 1 plaster.png
e 3
a 1
C 0.76 -1.96 -0.29 0.76 -1.96 1.51 0.032 0.032
C 0.76 -0.76 -0.29 0.76 -0.76 1.51 0.032 0.032
C 1.96 -0.76 -0.29 1.96 -0.76 1.51 0.032 0.032
l 0.7 0.4 0.4 0.4 1 plaster.png
y 4
e 0
B -5.95 -5.9 4.4 5.9 2.11 2.51
B -7.4 -5.9 5.85 5.9 2.11 2.51
B -6 -5.9 4.5 5.8 2.51 2.57
B -7.4 -7.3 4.5 5.8 2.51 2.57
B -7.4 -5.9 5.8 5.9 2.51 2.57
B -7.4 -7.35 4.4 5.9 2.11 2.51
B -7.4 -5.9 4.4 4.5 2.51 2.57
B -7.4 -7.3 4.4 4.45 2.11 2.51
B -6.9 -5.9 4.4 4.45 2.11 2.51
l 0.85 0.4 0.4 0.4 1 plaster.png
y 6
a 0
B -0.05 0.8 -2 0.05 1.43 1.51
B -0.05 2 -0.8 0.05 1.43 1.51
l 0.87 0.45 0.4 0.4 1 plaster.png
y 16
Y 0.1 0 0
X none
e 3
a 4
C -6.7 4.55 -0.4974 -6.7 4.55 -0.4704 0.0072 0.0072
C -6.4 4.55 -0.4974 -6.4 4.55 -0.4704 0.0072 0.0072
C -3.45 5.55 -0.4974 -3.45 5.55 -0.4704 0.0072 0.0072
C -2.55 5.55 -0.4974 -2.55 5.55 -0.4704 0.0072 0.0072
C -6.7 4.55 -0.69 -6.7 4.55 -0.6756 0.0126 0.0126
C -6.4 4.55 -0.69 -6.4 4.55 -0.6756 0.0126 0.0126
C -3.45 5.55 -0.69 -3.45 5.55 -0.6756 0.0126 0.0126
C -2.55 5.55 -0.69 -2.55 5.55 -0.6756 0.0126 0.0126
e 0
S -6.7 4.55 -0.4704 0.0072
S -6.4 4.55 -0.4704 0.0072
S -3.45 5.55 -0.4704 0.0072
S -2.55 5.55 -0.4704 0.0072
k -6.7 4.55 -0.672 -6.7 4.55 -0.51 0.018 0.018
k -6.4 4.55 -0.672 -6.4 4.55 -0.51 0.018 0.018
k -3.45 5.55 -0.672 -3.45 5.55 -0.51 0.018 0.018
k -2.55 5.55 -0.672 -2.55 5.55 -0.51 0.018 0.018
l 0.85 0.5 0.5 0.5 1 plaster.png
y 5.5
Y 0 0 0
X normal_maps/dirt_normal.jpg 1 1
e 25
a 1
B -3.5 -1.5 -5.4 -4 1.98 2.11
e 13
B -7.4 -3.5 0.5 3 1.98 2.11
B 7.3 7.4 0.2 1.5 1.98 2.11
B -0.5 -0.1 0.5 3 1.98 2.11
e 17
B -3.5 -0.1 -4 0.5 1.98 2.11
B -1.5 -0.1 -5.4 -5.3 1.98 2.11
e 9
B -7.4 -3.5 -5.4 0.5 1.98 2.11
B -0.1 6 0.1 1.5 1.98 2.11
e 5
B -0.1 6 1.5 5.9 1.98 2.11
e 1
B 6 7.4 0.1 0.2 1.98 2.11
e 5
B -7.4 -7.3 3 5.9 1.98 2.11
e 21
B -7.3 -3.5 3 4.5 1.98 2.11
e 17
B -7.3 -3.5 5.8 5.9 1.98 2.11
e 1
B 6 7.4 1.5 5.9 1.98 2.11
e 13
B -0.2 -0.1 -5.3 -4 1.98 2.11
e 17
B -3.5 -0.1 3 5.9 1.98 2.11
e 9
B -6 -3.5 4.5 5.8 1.98 2.11
l 0.7 0.58 0.42 0.3 1 plaster.png
y 7.5
e 17
B -3.39 -1.5 5.85 5.9 0.18 0.31
B -3.39 -1.5 4.5 5 0.18 0.31
e 13
B 7.3 7.4 0.2 1.5 1.38 1.51
B -0.7 -0.1 0.7 2.8 1.38 1.51
B 7.3 7.4 0.2 1.5 0.78 0.91
B -0.2 -0.1 -5.3 -4 0.78 0.91
e 5
B 3.1 7.4 3.2 5.9 0.18 0.31
e 13
B -0.2 -0.1 -5.3 -4 0.18 0.31
e 1
B -6 -3.39 4.5 5.9 0.18 0.31
e 17
B -3.3 -0.1 2.8 5 1.38 1.51
e 9
B -6 -3.39 4.5 5.8 1.38 1.51
B 6 7.4 1.5 3.2 0.18 0.31
e 1
B 6 7.4 0.1 0.2 0.18 0.31
e 9
B 3.1 6 0.1 3.2 0.18 0.31
e 1
B 6 7.4 0.1 0.2 1.38 1.51
e 9
B -7.4 -1.5 -5.4 -4 0.18 0.31
e 13
B -2.61 -1.5 5 5.85 0.18 0.31
e 17
B -1.5 -0.1 -5.4 -5.3 0.18 0.31
B -1.5 -0.1 -4 5.9 0.18 0.31
e 9
B -7.4 -1.5 -5.4 -4 0.78 0.91
e 13
B -2.61 -1.5 5 5.85 0.78 0.91
e 17
B -1.5 -0.1 -5.4 -5.3 0.78 0.91
B -1.5 -0.1 -4 5.9 0.78 0.91
e 13
B -0.2 -0.1 -5.3 -4 1.38 1.51
e 17
B -3.39 -3.3 4.5 5 1.38 1.51
e 13
B -7.4 -3.3 0.7 2.8 1.38 1.51
e 1
B -7.4 -3.3 -5.4 0.7 1.38 1.51
e 13
B 7.3 7.4 0.2 1.5 0.18 0.31
e 49
B 0.4 3.1 0.1 0.5 0.18 0.31
e 25
B -3.3 -1.5 -5.4 -4 1.38 1.51
e 17
B -3.3 -0.1 -4 0.7 1.38 1.51
B -1.5 -0.1 -5.4 -5.3 1.38 1.51
e 33
B -0.1 3.1 3.2 5.9 0.18 0.31
e 9
B -0.1 0.4 0.1 3.2 0.18 0.31
e 5
B -0.1 6 1.5 5.9 1.38 1.51
e 9
B -0.1 6 0.1 1.5 1.38 1.51
e 1
B 6 7.4 1.5 5.9 0.78 0.91
B 6 7.4 0.1 0.2 0.78 0.91
e 5
B -7.4 -7.3 2.8 5.9 1.38 1.51
e 21
B -7.3 -3.3 2.8 4.5 1.38 1.51
e 17
B -3.39 -3.3 5.85 5.9 1.38 1.51
e 5
B -0.1 6 1.5 5.9 0.78 0.91
e 9
B -0.1 6 0.1 1.5 0.78 0.91
e 37
B -7.4 -6 -4 4.5 0.18 0.31
e 1
B -7.4 -7.3 4.5 5.9 0.18 0.31
e 49
B -7.3 -6 5.8 5.9 0.18 0.31
e 13
B -6 -1.5 -4 4.5 0.18 0.31
e 37
B -7.4 -6 -4 4.5 0.78 0.91
e 1
B -7.4 -7.3 4.5 5.9 0.78 0.91
e 13
B -6 -1.5 -4 4.5 0.78 0.91
e 17
B -7.3 -3.39 5.8 5.9 1.38 1.51
e 13
B -2.61 -0.1 5 5.85 1.38 1.51
e 49
B -7.3 -6 5.8 5.9 0.78 0.91
e 1
B 6 7.4 1.5 5.9 1.38 1.51
e 17
B -3.3 -0.1 5.85 5.9 1.38 1.51
B -3.39 -1.5 5.85 5.9 0.78 0.91
B -3.39 -1.5 4.5 5 0.78 0.91
e 1
B -6 -3.39 4.5 5.9 0.78 0.91
l 0.5 0.6 0.1 0.1 1 plaster.png
y 20
X none
C 0.2 -0.2 -0.29 0.2 -0.2 -0.2 0.06 0.08
l 0.8 0.6 0.6 1 1 plaster.png
y 6
B 3.6 6.4 -4.98 -3.44 -0.29 -0.27
l 0.7 0.7 0.7 0.7 1 plaster.png
y 2.5
X normal_maps/dirt_normal.jpg 1 1
B -0.2 0 2.8 3 -0.69 2.21
B -4.35 -4.15 2.8 3 -0.69 2.21
B -4.35 -4.15 0 0.2 -0.69 2.21
B -4.35 -4.15 -2.5 -2.3 -0.29 2.21
B -7.5 -7.3 2.8 3 -0.29 2.21
B -7.5 -7.3 0 0.2 -0.69 2.21
B -7.5 -7.3 -2.5 -2.3 -0.29 2.21
B 3.4 3.6 5.8 6 -0.69 2.21
B 3.4 3.6 2.8 3 -0.69 2.21
B -7.5 -7.3 5.8 6 -0.29 2.21
B -0.2 0 -2.5 -2.3 -0.29 2.21
B -0.2 0 0 0.2 -0.69 2.21
B 3.4 3.6 0 0.2 -0.69 2.21
B 7.3 7.5 2.8 3 -0.69 2.21
B -7.5 -7.3 -5.5 -5.3 -0.29 2.21
B -0.2 0 5.8 6 -0.69 2.21
B 7.3 7.5 0 0.2 -0.69 2.21
B -0.2 0 -5.5 -5.3 -0.29 2.21
B 7.3 7.5 5.8 6 -0.69 2.21
B -4.35 -4.15 5.8 6 -0.69 2.21
B -4.35 -4.15 -5.5 -5.3 -0.29 2.21
l 0.6 0.9 0.9 0.9 1 plaster.png
y 5
e 0
B -3.35 -2.65 5 5.8 1.93 2.14
e 48
B -3.2 -2.8 5 5.05 1.31 1.51
B -3.2 -2.8 5 5.05 0.71 0.91
e 1
B -3.39 -3.35 5 5.94 -0.69 1.96
B -2.65 -2.61 5 5.94 -0.69 1.96
B -2.8 -2.65 5 5.05 -0.69 1.96
e 48
B -3.2 -2.8 5 5.05 -0.39 -0.29
B -3.2 -2.8 5 5.05 0.11 0.31
e 1
B -3.35 -3.2 5 5.05 -0.69 1.96
B -3.35 -2.65 5.8 5.94 -0.69 1.96
e 50
B -5.9 -5.6 4.45 4.5 1.86 1.96
e 2
B 5.7 7.4 4.45 4.5 1.86 1.96
e 3
B -7.4 -5.9 3.85 3.9 1.51 1.96
B 6 7.4 4.45 4.5 1.51 1.86
e 50
B -5.9 -5.6 3.85 3.9 1.86 1.96
e 3
B -5.6 5.7 4.45 4.5 1.51 1.96
B -5.6 5.7 3.85 3.9 1.51 1.96
B 6 7.4 3.85 3.9 1.51 1.86
e 2
B 5.7 7.4 3.85 3.9 1.86 1.96
e 3
B -7.4 -5.9 4.45 4.5 1.51 1.96
a 0
B 3.45 3.55 0.2 1.5 -0.28 0.16
e 2
B -0.15 -0.05 4.3 4.8 0.11 0.16
B -0.15 -0.05 1.5 2 0.11 0.16
e 3
B -0.15 -0.05 0.2 1.5 -0.28 0.16
B -0.15 -0.05 4.8 5.8 -0.28 0.16
e 2
B 3.45 3.55 4.3 4.8 0.11 0.16
e 3
B -0.15 -0.05 2 4.3 -0.28 0.16
e 2
B 3.45 3.55 1.5 2 0.11 0.16
e 3
B 3.45 3.55 4.8 5.8 -0.28 0.16
B 3.45 3.55 2 4.3 -0.28 0.16
l 0.7 0.9 0.9 0.9 1 plaster.png
y 2.5
e 0
B -1.3 -1.2 -4.3 -4.2 -0.27 0.81
B 6.2 6.3 1.2 1.3 -0.27 0.81
B -7.1 -7 5.5 5.6 0.81 2.01
B 7.31 7.39 1.51 1.59 -0.29 1.96
B -7.1 -7 4.7 4.8 1.11 2.31
B 5.91 5.99 0.11 0.19 -0.29 1.96
B 7.31 7.39 0.11 0.19 -0.29 1.96
B 5.91 5.99 1.51 1.59 -0.29 1.96
B -7.1 -7 5.5 5.6 -0.27 0.81
B -6.3 -6.2 5.5 5.6 -0.27 1.71
B -1.59 -1.51 -5.39 -5.31 -0.29 1.96
B -6.3 -6.2 4.7 4.8 -0.27 1.41
B -7.1 -7 4.7 4.8 -0.27 1.11
B -7.39 -7.31 5.81 5.89 -0.29 1.96
B -0.19 -0.11 -5.39 -5.31 -0.29 1.96
B -5.99 -5.91 5.81 5.89 -0.29 1.96
B -5.99 -5.91 4.41 4.49 -0.29 1.96
B -7.39 -7.31 4.41 4.49 -0.29 1.96
B -0.19 -0.11 -3.99 -3.91 -0.29 1.96
B 7 7.1 0.4 0.5 -0.27 1.41
B -1.59 -1.51 -3.99 -3.91 -0.29 1.96
B -1.3 -1.2 -5.1 -5 -0.27 1.11
B -0.5 -0.4 -5.1 -5 -0.27 1.41
B 7 7.1 1.2 1.3 -0.27 1.71
B -0.5 -0.4 -4.3 -4.2 -0.27 1.71
B 6.2 6.3 0.4 0.5 -0.27 1.11
l 0.8 0.3 0.5 0.6 1 tile.png
r 1.0 50 0.5 0.5 0.5
y 1.6
X normal_maps/tile_NRM.jpg 1 1
e 1
B -7.4 -6.2 4.5 5.9 -0.29 -0.276
e 49
B -6.2 -6 5.8 5.9 -0.29 -0.276
e 9
B -6 -0.1 -5.4 4.5 -0.29 -0.276
B -0.1 5.2 0.1 3.35 -0.29 -0.276
e 5
B -0.1 5.2 3.35 5.9 -0.29 -0.276
e 17
B 5.2 7.4 0.1 3.05 -0.29 -0.276
B 5.2 7.4 3.35 5.9 -0.29 -0.276
e 13
B -2.61 -0.1 5 5.85 -0.29 -0.276
e 1
B -6 -3.39 4.5 5.9 -0.29 -0.276
e 17
B -3.39 -0.1 4.5 5 -0.29 -0.276
B -3.39 -0.1 5.85 5.9 -0.29 -0.276
e 13
B 6.5 7.4 3.05 3.35 -0.29 -0.276
e 33
B -7.4 -6 -5.4 4.5 -0.29 -0.276
l 0.8 0.7 0.7 0.7 1 tile.png
r 1.0 35 0.5 0.5 0.5
y 5
e 1
a 1
B 3.54 4.64 -5.3 -5 -0.29 -0.27
B 3.58 6.42 -3.44 -3.42 -0.29 -0.21
B 3.58 6.42 -5 -4.98 -0.29 -0.21
B 3.58 3.6 -5 -3.42 -0.29 -0.21
B 6.4 6.42 -5 -3.42 -0.29 -0.21
B 3.58 4.6 -5.2 -4.86 -0.27 -0.25
B 5.36 6.46 -5.3 -5 -0.29 -0.27
B 3.62 4.56 -5.1 -5 -0.25 -0.23
B 5.4 6.42 -5.2 -4.86 -0.27 -0.25
B 5.44 6.38 -5.1 -5 -0.25 -0.23
B 3.6 4.56 -4.98 -4.92 -0.25 -0.23
B 3.54 4.64 -3.44 -3.1 -0.29 -0.27
B 5.44 6.4 -4.98 -4.92 -0.25 -0.23
B 5.36 6.46 -3.44 -3.1 -0.29 -0.27
B 3.58 4.6 -3.56 -3.2 -0.27 -0.25
B 5.4 6.42 -3.56 -3.2 -0.27 -0.25
B 3.62 4.56 -3.42 -3.3 -0.25 -0.23
B 3.6 4.56 -3.5 -3.44 -0.25 -0.23
B 5.44 6.38 -3.42 -3.3 -0.25 -0.23
B 5.44 6.4 -3.5 -3.44 -0.25 -0.23
l 0.1 1 1 1 1 CommandCAD.png
r 1.0 1 0 0 0
y 1
X none
e 0
B 1 2 0.045 0.05 0.26 0.385
B 5 6 0.045 0.05 0.26 0.385
l 0.6 1 1 1 1 bcube_tactical.jpg
density 4
y 0
Y 0.1 0 0
X normal_maps/bcube_tactical_NRM.jpg 1 1
movable 1
a 2
B -7.5 -7.4 1.9 2 -0.69 -0.59
B -7.45 -7.38 1.92 1.99 -0.59 -0.52
B 7.6 7.7 5.3 5.4 -0.69 -0.59
B -4 -3.9 1.9 2 -0.69 -0.59
B -4.75 -4.65 3.11 3.21 -0.69 -0.59
B -5 -4.9 3.2 3.3 -0.69 -0.59
B -5.01 -4.91 3.17 3.27 -0.59 -0.49
B -5.33 -5.23 3.37 3.47 -0.69 -0.59
B -5.18 -5.08 3.42 3.52 -0.69 -0.59
y 16
X none
P 4 -5.56 3.23 -0.69 -5.56 3.23 -0.62 -5.518 3.286 -0.62 -5.518 3.286 -0.69 0.07
l 0.9 0.6 0.6 0.6 1 cblock2.jpg
density 1
y 8
Y 0 0 0
X normal_maps/cblock2_NRM.jpg 1 1
movable 0
a 1
B -7.3 -0.2 -5.45 -5.4 -0.29 -0.19
B -0.1 -0.05 -5.3 -1.7 1.31 1.61
e 4
B -0.1 -0.05 -1.7 0 1.31 1.51
e 0
B -0.1 -0.05 -2.4 -1.7 1.61 1.91
e 4
B -0.1 -0.05 -1.7 -1.25 1.86 1.91
e 0
B 0 1.4 0.05 0.1 1.31 1.61
e 48
B 1.4 1.7 0.05 0.1 1.31 1.51
e 0
B 1 1.4 0.05 0.1 1.61 1.91
e 16
B 1.4 2 0.05 0.1 1.86 1.91
e 0
B 1 2 0.05 0.1 0.14 0.41
B -0.1 -0.05 -1.25 -1.15 -0.19 1.91
B 5 5.3 5.9 5.95 -0.19 0.11
e 16
B 5.3 5.9 5.9 5.95 0.06 0.11
e 0
B -4.15 -3.95 5.9 5.95 -0.19 0.11
e 16
B -3.95 -3.4 5.9 5.95 0.06 0.11
e 0
B -7.3 -3.95 5.9 5.95 -0.29 -0.19
B 2 2.1 5.9 5.95 -0.19 1.91
B 4.9 5 5.9 5.95 -0.19 1.91
B 5.9 6 5.9 5.95 -0.19 1.91
B -7.45 -7.4 -4 -3.9 -0.19 1.91
B -7.45 -7.4 -1.25 -1.15 -0.19 1.91
B -7.45 -7.4 1.5 1.6 -0.19 1.91
B -7.45 -7.4 4.4 4.5 -0.19 1.91
B -0.1 -0.05 -3.5 -3.45 -0.29 0.11
B -3.65 5.3 5.9 5.95 -0.29 -0.19
B 5.45 5.5 0.05 0.1 -0.29 0.11
e 2
B -0.1 -0.05 -1.4 -1.25 1.61 1.86
B 1.7 2 0.05 0.1 1.61 1.86
e 0
B 2 7.3 0.05 0.1 0.11 0.41
B 0 1 0.05 0.1 0.11 0.41
B -0.1 -0.05 -5.3 0 0.11 0.41
B -7.3 -0.2 -5.45 -5.4 0.11 0.41
B -7.45 -7.4 -5.3 5.8 -0.29 -0.19
B 5.6 7.3 5.9 5.95 -0.29 -0.19
B -1.6 -1.5 5.9 5.95 -0.19 1.91
B 0.9 1 5.9 5.95 -0.19 1.91
B -0.1 -0.05 -3.05 -3 -0.29 0.11
B -3.4 -2.6 5.9 5.95 -0.19 1.91
B -6 -5.9 5.9 5.95 -0.19 1.91
B 7.4 7.45 4.4 4.5 -0.19 1.91
B 7.4 7.45 1.5 1.6 -0.19 1.91
B 5.9 6 0.05 0.1 -0.19 1.91
B 4.9 5 0.05 0.1 -0.19 1.91
B 2 2.1 0.05 0.1 -0.19 1.91
B 0.9 1 0.05 0.1 -0.19 1.91
B 7.4 7.45 0.2 5.8 -0.29 -0.19
B -0.1 -0.05 -4 -3.9 -0.19 1.91
B -1.6 -1.5 -5.45 -5.4 -0.19 1.91
B -2.85 -2.75 -5.45 -5.4 -0.19 1.91
B -5.35 -5.25 -5.45 -5.4 -0.19 1.91
B -6.3 -6.2 -5.45 -5.4 -0.19 1.91
B 5.5 7.3 0.05 0.1 -0.29 -0.19
e 2
B 5.6 5.9 5.9 5.95 -0.19 0.06
e 0
B -7.45 -7.4 -5.3 5.8 1.91 2.31
B -7.3 7.3 5.9 5.95 1.91 2.31
B 7.4 7.45 0.2 5.8 1.91 2.31
B 0 7.3 0.05 0.1 1.91 2.31
B -0.1 -0.05 -5.3 0 1.91 2.31
B -7.3 -0.2 -5.45 -5.4 1.91 2.31
B -7.45 -7.4 -5.3 5.8 1.31 1.61
B -7.3 7.3 5.9 5.95 1.31 1.61
B 7.4 7.45 0.2 5.8 1.31 1.61
B 1.7 7.3 0.05 0.1 1.31 1.61
e 1
B -0.1 -0.05 -1.4 0 1.51 1.61
e 0
B -7.3 -0.2 -5.45 -5.4 1.31 1.61
B -7.45 -7.4 -5.3 5.8 0.71 1.01
B -7.3 7.3 5.9 5.95 0.71 1.01
B 7.4 7.45 0.2 5.8 0.71 1.01
B 0 7.3 0.05 0.1 0.71 1.01
B -0.1 -0.05 -5.3 0 0.71 1.01
B -7.3 -0.2 -5.45 -5.4 0.71 1.01
B -7.45 -7.4 -5.3 5.8 0.11 0.41
B -7.3 7.3 5.9 5.95 0.11 0.41
B 7.4 7.45 0.2 5.8 0.11 0.41
B 1.48 1.52 0.05 0.1 -0.29 0.14
B 2 5 0.05 0.1 -0.29 -0.19
B 0 1 0.05 0.1 -0.29 -0.19
B -0.1 -0.05 -3 0 -0.29 -0.19
B -0.1 -0.05 -5.3 -3.5 -0.29 -0.19
e 2
B -3.65 -3.4 5.9 5.95 -0.19 0.06
l 0.9 0.8 0.5 0.5 1 brickwork.jpg
density 2
X normal_maps/brickwork_normal.jpg 1 0
e 0
movable 1
B 8.05 8.15 5.05 5.15 -0.27 -0.19
Y 0.1 0 0
B 7.4 7.5 4.2 4.3 -0.69 -0.59

trigger 1.26 0.075 -0.24 0.7 0 0 0 0
Q 1 0.8 0.4 0 5 0.46 0.7 1.26 0.075 -0.24 1 0 0 0 0
trigger
l 0.8 0.7 0.7 0.7 1 none
r 1.0 80 0.9 0.9 0.9
density 1
Y 0 0 0
X none
movable 0
a 0
B 1.52 2 0.06 0.09 0.12 0.14
B 1.52 2 0.06 0.09 -0.29 -0.23
B 1.52 1.54 0.06 0.09 -0.23 0.12
l 0.7 0.95 0.95 0.95 0.25 none
r 1.0 1 0 0 0
a 2
B 1.54 2 0.072 0.078 -0.23 0.12

trigger -3 5.2 -0.68 0.2 0 0 0 0
trigger -2.72 5 -0.55 0.06 0 0 1 1
trigger -2.72 5 -0.13 0.06 0 0 1 1
trigger -2.72 5 0.45 0.06 0 0 1 1
trigger -2.72 5 1.05 0.06 0 0 1 1
trigger -2.72 5 1.65 0.06 0 0 1 1
Q 1 0.4 0.4 1 3 2.2 0.2 -3 5.2 -0.68 0 0 1 0 0
trigger
l 0.8 1 1 1 1 none
y 3
C -3 5.25 -0.396 -3 5.25 -0.39 0.02 0.02
l 0.6 0.7 0.7 0.7 1 fence.jpg
X normal_maps/fence_NRM.jpg 1 1
a 0
B -3.34 -2.66 5.79 5.8 -0.68 -0.39
B -3.34 -3.2 5.05 5.06 -0.68 -0.39
B -3.35 -2.65 5.05 5.45 -0.39 -0.38
B -2.66 -2.65 5.02 5.8 -0.68 -0.39
B -3.35 -3.34 5.02 5.8 -0.68 -0.39
B -2.8 -2.64 5.05 5.06 -0.68 -0.39
l 0.7 0.58 0.42 0.3 1 plaster.png
y 7.5
X normal_maps/dirt_normal.jpg 1 1
B -3.35 -2.65 5.05 5.65 -0.7 -0.68

trigger -3 5.25 -0.41 0 0 0.1 0 0 -3.35 -2.65 5.05 5.8 -0.69 -0.39
indir_dlight_group none
light 0 1.2 -3 5.25 -0.41 1 0.9 0.7 1 0 0 -1 1 0 0 0
bind_light -3 5.25 -0.393
trigger

trigger -6.3 -0.849 -0.58 0.06 0 0 1 1
Q 1 0.8 0.3 0.2 1 0.26 0 -6.3 -0.65 -0.57 0 0 -1 0 0
trigger
l 0.99 1 1 1 1 lichen.jpg
y 1
Y 0.1 0 0
X none
B -6.5 -6.1 -0.85 -0.45 -0.43 -0.33

Q 0

x 1.45 4.4 -0.2 1.45 4.4 2.19 0.05
x 1.45 5.2 2.19 1.45 5.2 -0.2 0.05

N 5.3 5.95 -0.29 5.3 5.95 0.06 5.6 5.95 0.06 5.6 5.95 -0.29 0 -1 0
N -3.95 5.95 -0.29 -3.95 5.95 0.06 -3.65 5.95 0.06 -3.65 5.95 -0.29 0 -1 0
N -8 -0.6 -0.54 -8 -0.6 -0.47 -8 -0.4 -0.47 -8 -0.4 -0.54 1 0 0
N -8 0.7 -0.54 -8 0.7 -0.47 -8 0.9 -0.47 -8 0.9 -0.54 1 0 0
N -8 2 -0.54 -8 2 -0.47 -8 2.2 -0.47 -8 2.2 -0.54 1 0 0
N 8 0.7 -0.54 8 0.7 -0.47 8 0.9 -0.47 8 0.9 -0.54 -1 0 0
N 8 2 -0.54 8 2 -0.47 8 2.2 -0.47 8 2.2 -0.54 -1 0 0
N -8 5 -0.66 -8 5 -0.36 -8 5.2 -0.36 -8 5.2 -0.66 1 0 0
N -0.05 -3.45 -0.29 -0.05 -3.45 0.11 -0.05 -3.05 0.11 -0.05 -3.05 -0.29 -1 0 0
N 1 0.05 -0.29 1 0.05 0.14 1.48 0.05 0.14 1.48 0.05 -0.29 0 1 0
N 1.52 0.05 -0.29 1.52 0.05 0.14 2 0.05 0.14 2 0.05 -0.29 0 1 0
N 5 0.05 -0.29 5 0.05 0.11 5.45 0.05 0.11 5.45 0.05 -0.29 0 1 0
N -0.05 -1.7 1.51 -0.05 -1.7 1.86 -0.05 -1.4 1.86 -0.05 -1.4 1.51 -1 0 0
N 1.4 0.05 1.51 1.4 0.05 1.86 1.7 0.05 1.86 1.7 0.05 1.51 0 1 0
N -7.3 4.4 2.11 -7.3 4.4 2.51 -6.9 4.4 2.51 -6.9 4.4 2.11 0 1 0
N -5.8 6.5 -0.69 -5.8 6.5 -0.34 -3.14 6.5 -0.34 -3.14 6.5 -0.69 0 -1 0
N -3.14 6.5 -0.69 -3.14 6.5 -0.34 -0.48 6.5 -0.34 -0.48 6.5 -0.69 0 -1 0
N -0.48 6.5 -0.69 -0.48 6.5 -0.34 2.18 6.5 -0.34 2.18 6.5 -0.69 0 -1 0
N 2.18 6.5 -0.69 2.18 6.5 -0.34 4.84 6.5 -0.34 4.84 6.5 -0.69 0 -1 0
N 4.84 6.5 -0.69 4.84 6.5 -0.34 7.5 6.5 -0.34 7.5 6.5 -0.69 0 -1 0
N 8 2.9 -0.69 8 2.9 -0.34 8 6 -0.34 8 6 -0.69 -1 0 0

A -9 -9 -0.260954
A 9 -9 -0.0235955
A -9 9 -0.574298
A 8.5 8.5 -1.01554
A -9 0 -0.513847
A 9 0 -0.413847
A 0 9 -0.910242
A 0 -9 -0.317004
A 1.47 -8.2 -0.27
A 0.3 -0.48 -0.21
A 9 -1 -0.09
A 3.14 -3.3 -0.21
A -0.75 -4.68 -0.2
A -6.66 5.26 -0.2
A 1.54 1.78 -0.07
A 6.84 0.84 -0.2
A -2.08 5.57 -0.2
A -6.52 4.65 -0.61
A -3.02 5.5 -0.61
A 7.67 6.2 -0.61
A 4.95 3.17 -0.61
A 5 -4.68 -0.17
A 6.77 3.13 -0.61
A -7.66 5.13 -0.21
A 5.48 6.25 -0.21

light 2.4 0 1.5 2 0.53 1 1 1 1 0 0 0 1 0 0
light 1.35 0 -4 -1 0.61 1 1 0.6 1 0 0 0 1 0 0
light 1.5 0 -7.7 -6.1 0.566 1 0.8 0.5 0.4 0 0 -1 0.5 0.07 0
light 1.5 0 -5.2 -6.1 0.566 1 0.8 0.5 0.4 0 0 -1 0.5 0.07 0
light 1.5 0 -2.7 -6.1 0.566 1 0.8 0.5 0.4 0 0 -1 0.5 0.07 0
light 1.5 0 0.3 -0.8 0.566 1 0.8 0.5 0.4 0 0 -1 0.5 0.07 0
light 1.5 0 0.3 -3.7 0.566 1 0.8 0.5 0.4 0 0 -1 0.5 0.07 0
light 1.5 0 0.3 -6.1 0.566 1 0.8 0.5 0.4 0 0 -1 0.5 0.07 0
light 1.5 0 3.5 -0.3 0.566 1 0.8 0.5 0.4 0 0 -1 0.5 0.07 0
light 1.5 0 6.5 -0.3 0.566 1 0.8 0.5 0.4 0 0 -1 0.5 0.07 0
light 1.5 0 3.2 -5.4 0.566 1 0.8 0.5 0.4 0 0 -1 0.5 0.07 0
light 1.5 0 3.2 -3 0.566 1 0.8 0.5 0.4 0 0 -1 0.5 0.07 0
light 1.5 0 6.8 -5.4 0.566 1 0.8 0.5 0.4 0 0 -1 0.5 0.07 0
light 1.5 0 6.8 -3 0.566 1 0.8 0.5 0.4 0 0 -1 0.5 0.07 0

trigger -6.55 5.1 -0.79 0 0 5 0 0 -6.7 -6.38 4.5 6.2 -0.79 -0.49
indir_dlight_group none
light 0 1 -6.55 4.8 -0.39 0.6 0.6 1 1 0 0 -1 1 0 0 0
bind_light -6.55 4.8 -0.345
trigger

trigger -6.55 5.1 -0.79 0 0 5 0 0 -6.7 -6.38 4.5 6.2 -0.79 -0.49
indir_dlight_group none
light 0 1 -6.55 5.1 -0.39 0.6 0.6 1 1 0 0 -1 1 0 0 0
bind_light -6.55 5.1 -0.345
trigger

trigger -6.55 5.1 -0.79 0 0 5 0 0 -6.7 -6.38 4.5 6.2 -0.79 -0.49
indir_dlight_group none
light 0 1 -6.55 5.4 -0.39 0.6 0.6 1 1 0 0 -1 1 0 0 0
bind_light -6.55 5.4 -0.345
trigger

trigger -6.3 2.53 -0.58 0.4 0 1 0 0
indir_dlight_group none
light 0 0.5 -6.3 2.55 -0.58 1 0.4 0.7 1 0 0 0 1 0 0 0
trigger

trigger -6.3 2.59 -0.58 0.06 0 60 1 1
indir_dlight_group none
light 0 0.7 -6.55 3 -0.465 0.6 0.6 1 1 0 0 -1 1 0 0 0
bind_light -6.55 3 -0.42
trigger

trigger -6.3 2.59 -0.58 0.06 0 60 1 1
indir_dlight_group none
light 0 0.7 -6.55 3.5 -0.465 0.6 0.6 1 1 0 0 -1 1 0 0 0
bind_light -6.55 3.5 -0.42
trigger

trigger -6.3 2.59 -0.58 0.06 0 60 1 1
indir_dlight_group none
light 0 0.7 -6.55 4 -0.465 0.6 0.6 1 1 0 0 -1 1 0 0 0
bind_light -6.55 4 -0.42
trigger

trigger -6.3 2.59 -0.58 0.06 0 60 1 1
indir_dlight_group none
light 0 0.2 -7.2 2.56 -0.468 0.6 0.6 1 1 0 0 0 1 0 0 0
bind_light -7.2 2.59 -0.45
trigger

trigger -6.3 2.59 -0.58 0.06 0 60 1 1
indir_dlight_group none
light 0 0.2 -6.2 2.56 -0.468 0.6 0.6 1 1 0 0 0 1 0 0 0
bind_light -6.2 2.59 -0.45
trigger

trigger -6.3 2.59 -0.58 0.06 0 60 1 1
indir_dlight_group none
light 0 0.2 -5.2 2.56 -0.468 0.6 0.6 1 1 0 0 0 1 0 0 0
bind_light -5.2 2.59 -0.45
trigger

trigger -6.3 2.59 -0.58 0.06 0 60 1 1
indir_dlight_group none
light 0 0.2 -4.2 2.56 -0.468 0.6 0.6 1 1 0 0 0 1 0 0 0
bind_light -4.2 2.59 -0.45
trigger

trigger -6.3 2.59 -0.58 0.06 0 60 1 1
indir_dlight_group mapx/basement_spotlight1.data 0.015
light 0 2 -7.2 2.56 -0.468 0.6 0.6 1 1 0 -0.819232 -0.573462 0.15 0 0 1
bind_light -7.2 2.59 -0.45
trigger

trigger -6.3 2.59 -0.58 0.06 0 60 1 1
indir_dlight_group mapx/basement_spotlight2.data 0.02
light 0 2 -6.2 2.56 -0.468 0.6 0.6 1 1 0 -0.819232 -0.573462 0.15 0 0 1
bind_light -6.2 2.59 -0.45
trigger

trigger -6.3 2.59 -0.58 0.06 0 60 1 1
indir_dlight_group mapx/basement_spotlight3.data 0.02
light 0 2 -5.2 2.56 -0.468 0.6 0.6 1 1 0 -0.819232 -0.573462 0.15 0 0 1
bind_light -5.2 2.59 -0.45
trigger

trigger -6.3 2.59 -0.58 0.06 0 60 1 1
indir_dlight_group mapx/basement_spotlight4.data 0.02
light 0 2 -4.2 2.56 -0.468 0.6 0.6 1 1 0 -0.819232 -0.573462 0.15 0 0 1
bind_light -4.2 2.59 -0.45
trigger

trigger -6.3 2.59 -0.58 0.06 0 60 1 1
indir_dlight_group mapx/basement_line_light.data 0.05
light 0 1.2 -4 -0.83 -0.49 0.6 0.6 1 1 -2 -0.83 -0.49 1 0 1 0
bind_light -3 -0.845 -0.49
trigger

trigger -6.3 -0.65 -0.58 0.4 0 1 0 0
indir_dlight_group none
light 0 0.5 -6.3 -0.845 -0.58 1 0.4 0.7 1 0 0 0 1 0 0 0
trigger

trigger -3 4.8 -0.57 0 0.5 0.5 0 0
indir_dlight_group none
light 0 0.75 -3 4.8 -0.39 1 0.2 0.1 1 0 0 -1 1 0 0 0
bind_light -3 4.8 -0.345
trigger

indir_dlight_group none
light 0 1.6 1.5 2 0.53 1 1 1 1 0 0 -1 0.5 0 0 1

indir_dlight_group none
light 0 0.6 -4 -1 0.61 1 1 0.6 1 0 0 0 1 0 0 0

trigger -3 -2 1.01 0 0 2 1 0 -5.3 -0.8 -4.4 0.3 0.91 1.11
indir_dlight_group mapx/colored_light.data 6
light 0 1 -3 -2 1.21 1 1 1 1 0 0 0 1 0 0 0
trigger

g 1 0.7 1 1
E -6.9 -6.1 100 0 -0.3 1
g 1 0.7 1 1
E -3.9 -6.1 100 0 -0.3 1
g 1 0.7 1 1
E -0.9 -6.1 100 0 -0.3 1

F 2.6 -6 1.2 0.275 0 -0.34
F 4.1 -6 1.2 0.275 0 -0.34
F 5.6 -6 1.2 0.275 0 -0.34
F 7.1 -6 1.2 0.275 0 -0.34
F 7.1 -4 1.2 0.275 0 -0.34
F 7.1 -2 1.2 0.275 0 -0.34
F 5.6 -2 1.2 0.275 0 -0.34
F 4.1 -2 1.2 0.275 0 -0.34
F 2.6 -2 1.2 0.275 0 -0.34
F 2.6 -4 1.2 0.275 0 -0.34

G 0.2 -0.2 0.6 0.006 0 -0.24

end
