l 0.8 0 0 0 1 none 1 1 0 0
r 1.0 1 0 0 0
y 5
X normal_maps/dirt_normal.jpg 1 1
C -2.72 4.998 1.65 -2.72 5 1.65 0.01 0.01
C -2.72 4.998 1.05 -2.72 5 1.05 0.01 0.01
C -2.72 4.998 0.45 -2.72 5 0.45 0.01 0.01
C -2.72 4.998 -0.13 -2.72 5 -0.13 0.01 0.01
C -2.72 4.998 -0.55 -2.72 5 -0.55 0.01 0.01
r 1.0 90 0.9 0.9 0.9
y 1
X none
e 3
a 1
C -7.7 -6.1 0.598 -7.7 -6.1 0.67 0.08 0
C -5.2 -6.1 0.598 -5.2 -6.1 0.67 0.08 0
C -2.7 -6.1 0.598 -2.7 -6.1 0.67 0.08 0
C 0.3 -6.1 0.598 0.3 -6.1 0.67 0.08 0
C 3.2 -5.4 0.598 3.2 -5.4 0.67 0.08 0
C 6.8 -5.4 0.598 6.8 -5.4 0.67 0.08 0
C 0.3 -3.7 0.598 0.3 -3.7 0.67 0.08 0
C 3.2 -3 0.598 3.2 -3 0.67 0.08 0
C 6.8 -3 0.598 6.8 -3 0.67 0.08 0
C 0.3 -0.8 0.598 0.3 -0.8 0.67 0.08 0
C 3.5 -0.3 0.598 3.5 -0.3 0.67 0.08 0
C 6.5 -0.3 0.598 6.5 -0.3 0.67 0.08 0
C -7.7 -6.1 0.582 -7.7 -6.1 0.598 0.08 0.08
C -5.2 -6.1 0.582 -5.2 -6.1 0.598 0.08 0.08
C -2.7 -6.1 0.582 -2.7 -6.1 0.598 0.08 0.08
C 0.3 -6.1 0.582 0.3 -6.1 0.598 0.08 0.08
C 3.2 -5.4 0.582 3.2 -5.4 0.598 0.08 0.08
C 6.8 -5.4 0.582 6.8 -5.4 0.598 0.08 0.08
C 0.3 -3.7 0.582 0.3 -3.7 0.598 0.08 0.08
C 3.2 -3 0.582 3.2 -3 0.598 0.08 0.08
C 6.8 -3 0.582 6.8 -3 0.598 0.08 0.08
C 0.3 -0.8 0.582 0.3 -0.8 0.598 0.08 0.08
C 3.5 -0.3 0.582 3.5 -0.3 0.598 0.08 0.08
C 6.5 -0.3 0.582 6.5 -0.3 0.598 0.08 0.08
C -7.7 -6.1 0.518 -7.7 -6.1 0.534 0.048 0.048
C -5.2 -6.1 0.518 -5.2 -6.1 0.534 0.048 0.048
C -2.7 -6.1 0.518 -2.7 -6.1 0.534 0.048 0.048
C 0.3 -6.1 0.518 0.3 -6.1 0.534 0.048 0.048
C 3.2 -5.4 0.518 3.2 -5.4 0.534 0.048 0.048
C 6.8 -5.4 0.518 6.8 -5.4 0.534 0.048 0.048
C 0.3 -3.7 0.518 0.3 -3.7 0.534 0.048 0.048
C 3.2 -3 0.518 3.2 -3 0.534 0.048 0.048
C 6.8 -3 0.518 6.8 -3 0.534 0.048 0.048
C 0.3 -0.8 0.518 0.3 -0.8 0.534 0.048 0.048
C 3.5 -0.3 0.518 3.5 -0.3 0.534 0.048 0.048
C 6.5 -0.3 0.518 6.5 -0.3 0.534 0.048 0.048
C -7.7 -6.1 0.51 -7.7 -6.1 0.518 0.008 0.048
C -5.2 -6.1 0.51 -5.2 -6.1 0.518 0.008 0.048
C -2.7 -6.1 0.51 -2.7 -6.1 0.518 0.008 0.048
C 0.3 -6.1 0.51 0.3 -6.1 0.518 0.008 0.048
C 3.2 -5.4 0.51 3.2 -5.4 0.518 0.008 0.048
C 6.8 -5.4 0.51 6.8 -5.4 0.518 0.008 0.048
C 0.3 -3.7 0.51 0.3 -3.7 0.518 0.008 0.048
C 3.2 -3 0.51 3.2 -3 0.518 0.008 0.048
C 6.8 -3 0.51 6.8 -3 0.518 0.008 0.048
C 0.3 -0.8 0.51 0.3 -0.8 0.518 0.008 0.048
C 3.5 -0.3 0.51 3.5 -0.3 0.518 0.008 0.048
C 6.5 -0.3 0.51 6.5 -0.3 0.518 0.008 0.048
C -7.7 -6.1 -0.282 -7.7 -6.1 -0.258 0.072 0.016
C -5.2 -6.1 -0.282 -5.2 -6.1 -0.258 0.072 0.016
C -2.7 -6.1 -0.282 -2.7 -6.1 -0.258 0.072 0.016
C 0.3 -6.1 -0.282 0.3 -6.1 -0.258 0.072 0.016
C 3.2 -5.4 -0.282 3.2 -5.4 -0.258 0.072 0.016
C 6.8 -5.4 -0.282 6.8 -5.4 -0.258 0.072 0.016
C 0.3 -3.7 -0.282 0.3 -3.7 -0.258 0.072 0.016
C 3.2 -3 -0.282 3.2 -3 -0.258 0.072 0.016
C 6.8 -3 -0.282 6.8 -3 -0.258 0.072 0.016
C 0.3 -0.8 -0.282 0.3 -0.8 -0.258 0.072 0.016
C 3.5 -0.3 -0.282 3.5 -0.3 -0.258 0.072 0.016
C 6.5 -0.3 -0.282 6.5 -0.3 -0.258 0.072 0.016
C -7.7 -6.1 -0.29 -7.7 -6.1 0.518 0.02 0.012
C -7.7 -6.1 -0.29 -7.7 -6.1 -0.282 0.072 0.072
C -5.2 -6.1 -0.29 -5.2 -6.1 0.518 0.02 0.012
C -5.2 -6.1 -0.29 -5.2 -6.1 -0.282 0.072 0.072
C -2.7 -6.1 -0.29 -2.7 -6.1 -0.282 0.072 0.072
C -2.7 -6.1 -0.29 -2.7 -6.1 0.518 0.02 0.012
C 0.3 -6.1 -0.29 0.3 -6.1 0.518 0.02 0.012
C 0.3 -6.1 -0.29 0.3 -6.1 -0.282 0.072 0.072
C 3.2 -5.4 -0.29 3.2 -5.4 -0.282 0.072 0.072
C 3.2 -5.4 -0.29 3.2 -5.4 0.518 0.02 0.012
C 6.8 -5.4 -0.29 6.8 -5.4 0.518 0.02 0.012
C 6.8 -5.4 -0.29 6.8 -5.4 -0.282 0.072 0.072
C 0.3 -3.7 -0.29 0.3 -3.7 -0.282 0.072 0.072
C 0.3 -3.7 -0.29 0.3 -3.7 0.518 0.02 0.012
C 3.2 -3 -0.29 3.2 -3 0.518 0.02 0.012
C 3.2 -3 -0.29 3.2 -3 -0.282 0.072 0.072
C 6.8 -3 -0.29 6.8 -3 -0.282 0.072 0.072
C 6.8 -3 -0.29 6.8 -3 0.518 0.02 0.012
C 0.3 -0.8 -0.29 0.3 -0.8 0.518 0.02 0.012
C 0.3 -0.8 -0.29 0.3 -0.8 -0.282 0.072 0.072
C 3.5 -0.3 -0.29 3.5 -0.3 -0.282 0.072 0.072
C 3.5 -0.3 -0.29 3.5 -0.3 0.518 0.02 0.012
C 6.5 -0.3 -0.29 6.5 -0.3 -0.282 0.072 0.072
C 6.5 -0.3 -0.29 6.5 -0.3 0.518 0.02 0.012
S -7.7 -6.1 0.67 0.0064
S -5.2 -6.1 0.67 0.0064
S -2.7 -6.1 0.67 0.0064
S 0.3 -6.1 0.67 0.0064
S 3.2 -5.4 0.67 0.0064
S 6.8 -5.4 0.67 0.0064
S 0.3 -3.7 0.67 0.0064
S 3.2 -3 0.67 0.0064
S 6.8 -3 0.67 0.0064
S 0.3 -0.8 0.67 0.0064
S 3.5 -0.3 0.67 0.0064
S 6.5 -0.3 0.67 0.0064
l 0.86 0.03 0.03 0.03 1 none
r 1.0 60 0.8 0.8 0.8
y 6.5
a 0
C 2.7 2.9 -0.28 2.7 2.9 -0.21 0.01 0.01
l 0.76 0.04 0.04 0.04 1 none
r 1.0 1 0 0 0
y 6
C -4 -1 0.73 -4 -1 0.76 0.004 0.004
y 7
C 1.5 2 0.61 1.5 2 0.76 0.006 0.006
l 0.7 0.1 0.1 0.1 1 none
y 3.2
e 0
a 1
C 0.2 -0.2 -0.23 0.2 -0.2 -0.215 0.076 0.077
l 0.5 0.1 0.1 0.1 1 none
r 1.0 20 0.5 0.5 0.5
density 0.1
y 8
movable 1
z 7 6.4 -0.67 0 0 1 0.06 0.025
l 0.6 0.4 0.02 0 1 none 1 1 0 1
r 1.0 1 0 0 0
density 1
y 1
damage 10
e 5
movable 0
a 0
B -7.5 -7.2 -0.85 -0.6 -0.69 -0.685
l 0.8 0.4 0.25 0.03 1 none 1 1 0 0
r 1.0 40 1.8 1.2 0.2
y 2.5
damage 0
e 0
a 1
S 2.55 -3 2.51 0.03
density 19.3
y 0
movable 1
k 3.3 -1.4 -0.25 3.3 -1.6 -0.25 0.04 0.04
z 2.3 -2.8 -0.15 1 0 0 0.1 0.04
z 2.5 -1.6 -0.25 0 0 1 0.1 0.04
l 0.8 0.5 0.5 0.5 1 none
r 1.0 50 1.6 1.6 1.6
density 1
y 2.5
e 3
movable 0
a 0
C 2.55 -3 -0.29 2.55 -3 2.51 0.016 0.016
l 0.6 0.9 0.8 0.7 1 none
r 1.0 1 0 0 0
y 5
e 0
C 1.5 3.8 0.145 1.5 3.8 0.16 0.04 0.04
l 0.8 0.9 0.9 0.8 1 none
r 1.0 90 0.9 0.9 0.9
y 1
e 3
a 1
C -7.7 -6.1 0.574 -7.7 -6.1 0.582 0 0.08
C -5.2 -6.1 0.574 -5.2 -6.1 0.582 0 0.08
C -2.7 -6.1 0.574 -2.7 -6.1 0.582 0 0.08
C 0.3 -6.1 0.574 0.3 -6.1 0.582 0 0.08
C 3.2 -5.4 0.574 3.2 -5.4 0.582 0 0.08
C 6.8 -5.4 0.574 6.8 -5.4 0.582 0 0.08
C 0.3 -3.7 0.574 0.3 -3.7 0.582 0 0.08
C 3.2 -3 0.574 3.2 -3 0.582 0 0.08
C 6.8 -3 0.574 6.8 -3 0.582 0 0.08
C 0.3 -0.8 0.574 0.3 -0.8 0.582 0 0.08
C 3.5 -0.3 0.574 3.5 -0.3 0.582 0 0.08
C 6.5 -0.3 0.574 6.5 -0.3 0.582 0 0.08
l 0.62 0.92 0.92 0.92 1 none
r 1.0 70 0.75 0.75 0.75
y 6
e 0
a 0
C 5.1 1.6 2.31 5.16 1.68 2.36 0.003 0.003
e 1
C 5.1 1.6 2.31 5.15 1.67 2.35 0.003 0.15
e 0
C 5.1 1.6 2.11 5.1 1.6 2.31 0.006 0.006
l 0.75 1 0.7 0.3 1 none 1 1 0 1
r 1.0 1 0 0 0
y 5
damage -10
movable 1
B -3.1 -3 -1.1 -1 -0.276 -0.176
l 0.72 1 1 0.6 1 none 1 1 0 0
y 6
damage 0
movable 0
S -4 -1 0.71 0.03
l 0.8 1 1 1 1 none
y 100
a 2
C -7.2 2.6 -0.44 -7.2 2.58 -0.454 0.004 0.012
C -6.2 2.6 -0.44 -6.2 2.58 -0.454 0.004 0.012
C -5.2 2.6 -0.44 -5.2 2.58 -0.454 0.004 0.012
C -4.2 2.6 -0.44 -4.2 2.58 -0.454 0.004 0.012
C -4 -0.85 -0.49 -2 -0.85 -0.49 0.01 0.01
y 5
e 3
a 0
S -3 -2 1.21 0.03
l 0.72 1 1 1 1 none
y 7
e 0
S 1.5 2 0.53 0.08
l 0.8 1 1 1 1 none
y 1
a 2
S -3 4.8 -0.32 0.03
a 0
S 0 1 -0.39 0.03
S 1.2 1 -0.39 0.03
y 5
a 2
S -6.55 3 -0.395 0.03
S -6.55 3.5 -0.395 0.03
S -6.55 4 -0.395 0.03
z -6.55 4.8 -0.34 0 0 1 0.03 0.01
z -6.55 5.1 -0.34 0 0 1 0.03 0.01
z -6.55 5.4 -0.34 0 0 1 0.03 0.01
l 0.8 1 0.8 0.5 0.8 none
r 1.0 90 0.9 0.9 0.9
y 1
a 1
C -7.7 -6.1 0.534 -7.7 -6.1 0.582 0.016 0.016
C -5.2 -6.1 0.534 -5.2 -6.1 0.582 0.016 0.016
C -2.7 -6.1 0.534 -2.7 -6.1 0.582 0.016 0.016
C 0.3 -6.1 0.534 0.3 -6.1 0.582 0.016 0.016
C 3.2 -5.4 0.534 3.2 -5.4 0.582 0.016 0.016
C 6.8 -5.4 0.534 6.8 -5.4 0.582 0.016 0.016
C 0.3 -3.7 0.534 0.3 -3.7 0.582 0.016 0.016
C 3.2 -3 0.534 3.2 -3 0.582 0.016 0.016
C 6.8 -3 0.534 6.8 -3 0.582 0.016 0.016
C 0.3 -0.8 0.534 0.3 -0.8 0.582 0.016 0.016
C 3.5 -0.3 0.534 3.5 -0.3 0.582 0.016 0.016
C 6.5 -0.3 0.534 6.5 -0.3 0.582 0.016 0.016
l 0.7 0.35 0.65 0.5 0.4 none 1 1.55 0 0
r 1.0 90 0.8 0.8 0.8
y 7
movable 1
a 2
C 1.8 1.76 -0.0868 1.8 1.76 -0.0676 0.0048 0.0048
C 2.6 2.7 -0.192 2.6 2.7 -0.1176 0.0096 0.0096
C 2.5 3 -0.192 2.5 3 -0.1176 0.0096 0.0096
C 2.6 3.1 -0.192 2.6 3.1 -0.1176 0.0096 0.0096
C 4.26 -1.28 -0.212 4.26 -1.28 -0.1376 0.0096 0.0096
k 1.8 1.76 -0.1324 1.8 1.76 -0.094 0.0096 0.0096
l 0.8 1 1 1 0.4 none 1 1 0 0
r 1.0 90 0.9 0.9 0.9
y 1
movable 0
a 1
C -7.7 -6.1 0.534 -7.7 -6.1 0.582 0.048 0.048
C -5.2 -6.1 0.534 -5.2 -6.1 0.582 0.048 0.048
C -2.7 -6.1 0.534 -2.7 -6.1 0.582 0.048 0.048
C 0.3 -6.1 0.534 0.3 -6.1 0.582 0.048 0.048
C 3.2 -5.4 0.534 3.2 -5.4 0.582 0.048 0.048
C 6.8 -5.4 0.534 6.8 -5.4 0.582 0.048 0.048
C 0.3 -3.7 0.534 0.3 -3.7 0.582 0.048 0.048
C 3.2 -3 0.534 3.2 -3 0.582 0.048 0.048
C 6.8 -3 0.534 6.8 -3 0.582 0.048 0.048
C 0.3 -0.8 0.534 0.3 -0.8 0.582 0.048 0.048
C 3.5 -0.3 0.534 3.5 -0.3 0.582 0.048 0.048
C 6.5 -0.3 0.534 6.5 -0.3 0.582 0.048 0.048
l 0.7 1 1 1 0.25 none 1 1.55 15 0
r 1.0 1 0 0 0
density 2.6
y 8
e 1
movable 1
B 4.2 4.3 -1.3 -1.2 -0.29 -0.21
l 0.76 0.8 0.8 0.8 0.2 none 1 1.55 20 0
r 1.0 100 0.9 0.9 0.9
density 1
y 2.5
e 60
movable 0
a 2
B -3.3 -0.7 0.7 2.8 1.47 1.5
l 0.7 0.8 0.8 0.8 0.15 none
a 3
B -3.5 -0.5 0.5 3 2.07 2.09
l 0.7 0 0 1 0.1 none 1 1.4 10 0
r 1.0 1 0 0 0
y 5
e 3
a 0
B -3.36 -3.34 -2.4 -1.66 0.91 1.36
B -3.34 -2.74 -2.4 -1.66 1.34 1.36
B -2.74 -2.72 -2.4 -1.66 0.91 1.36
B -3.34 -2.74 -2.4 -1.66 0.91 0.93
l 0.7 0 1 0 0.1 none
B -3.36 -2.72 -1.66 -1.64 0.91 1.36
l 0.7 0.95 0.95 0.95 0.1 none 1 1.55 20 0
r 1.0 100 0.9 0.9 0.9
y 0.2
a 3
B -7.43 -7.42 -1.15 0 1.61 1.91
B -7.43 -7.42 0.2 1.5 1.61 1.91
B -7.43 -7.42 1.6 2.8 1.61 1.91
B -7.43 -7.42 3 4.4 1.61 1.91
e 11
B -7.43 -7.42 4.5 5.8 1.61 1.91
e 56
B -7.3 -6 4.5 5.8 2.55 2.565
e 3
B -7.43 -7.42 -2.3 -1.25 1.61 1.91
e 60
B -1.5 -0.2 -5.3 -4 2.065 2.08
e 44
B 6 7.3 0.2 1.5 2.065 2.08
e 7
B -7.43 -7.42 -5.3 -4 1.61 1.91
e 3
B -7.43 -7.42 -3.9 -2.5 1.61 1.91
B -7.43 -7.42 -1.15 0 1.01 1.31
B -7.43 -7.42 0.2 1.5 1.01 1.31
B -7.43 -7.42 1.6 2.8 1.01 1.31
e 7
B -7.43 -7.42 -5.3 -4 1.01 1.31
e 11
B -7.43 -7.42 4.5 5.8 1.01 1.31
e 3
B -7.43 -7.42 3 4.4 1.01 1.31
B -7.43 -7.42 -3.9 -2.5 1.01 1.31
B -7.43 -7.42 -2.3 -1.25 1.01 1.31
e 7
B -7.43 -7.42 -5.3 -4 0.41 0.71
e 3
B -7.43 -7.42 -3.9 -2.5 0.41 0.71
B -7.43 -7.42 -2.3 -1.25 0.41 0.71
B -7.43 -7.42 -1.15 0 0.41 0.71
B -7.43 -7.42 0.2 1.5 0.41 0.71
B -7.43 -7.42 3 4.4 0.41 0.71
e 11
B -7.43 -7.42 4.5 5.8 0.41 0.71
e 3
B -7.43 -7.42 1.6 2.8 0.41 0.71
e 2
B 0 0.9 5.92 5.93 -0.19 0.11
B -1.5 -0.2 5.92 5.93 -0.19 0.11
B -2.6 -1.6 5.92 5.93 -0.19 0.11
B -5.9 -4.35 5.92 5.93 -0.19 0.11
e 18
B -7.3 -6 5.92 5.93 -0.19 0.11
e 34
B 6 7.3 5.92 5.93 -0.19 0.11
e 10
B -7.43 -7.42 4.5 5.8 -0.19 0.11
e 2
B -7.43 -7.42 3 4.4 -0.19 0.11
B -7.43 -7.42 1.6 2.8 -0.19 0.11
B -7.43 -7.42 0.2 1.5 -0.19 0.11
B -7.43 -7.42 -1.15 0 -0.19 0.11
B -7.43 -7.42 -2.3 -1.25 -0.19 0.11
B -7.43 -7.42 -3.9 -2.5 -0.19 0.11
e 6
B -7.43 -7.42 -5.3 -4 -0.19 0.11
e 35
B 6 7.3 5.92 5.93 1.61 1.91
e 3
B 5 5.9 5.92 5.93 1.61 1.91
e 1
B 3.6 4.9 5.92 5.93 1.61 1.91
B 2.1 3.4 5.92 5.93 1.61 1.91
B 1 2 5.92 5.93 1.61 1.91
e 3
B 0 0.9 5.92 5.93 1.61 1.91
B -1.5 -0.2 5.92 5.93 1.61 1.91
e 1
B -2.6 -1.6 5.92 5.93 1.61 1.91
B -4.15 -3.4 5.92 5.93 1.61 1.91
e 3
B -5.9 -4.35 5.92 5.93 1.61 1.91
e 17
B -7.3 -6 5.92 5.93 1.61 1.91
e 2
B 3.6 4.9 5.92 5.93 -0.19 0.11
B 2.1 3.4 5.92 5.93 -0.19 0.11
B 1 2 5.92 5.93 -0.19 0.11
e 1
B 1 2 5.92 5.93 1.01 1.31
B 2.1 3.4 5.92 5.93 1.01 1.31
B 0 0.9 5.92 5.93 1.01 1.31
B -1.5 -0.2 5.92 5.93 1.01 1.31
B -2.6 -1.6 5.92 5.93 1.01 1.31
B -5.9 -4.35 5.92 5.93 1.01 1.31
e 17
B -7.3 -6 5.92 5.93 1.01 1.31
e 1
B -4.15 -3.4 5.92 5.93 1.01 1.31
e 33
B 6 7.3 5.92 5.93 1.01 1.31
e 1
B 5 5.9 5.92 5.93 1.01 1.31
B 3.6 4.9 5.92 5.93 1.01 1.31
B -1.5 -0.2 5.92 5.93 0.41 0.71
B 0 0.9 5.92 5.93 0.41 0.71
B 1 2 5.92 5.93 0.41 0.71
B 2.1 3.4 5.92 5.93 0.41 0.71
B 3.6 4.9 5.92 5.93 0.41 0.71
B 5 5.9 5.92 5.93 0.41 0.71
e 7
B 7.42 7.43 0.2 1.5 1.61 1.91
e 3
B 7.42 7.43 1.6 2.8 1.61 1.91
B 7.42 7.43 3 4.4 1.61 1.91
e 11
B 7.42 7.43 4.5 5.8 1.61 1.91
e 1
B -2.6 -1.6 5.92 5.93 0.41 0.71
e 33
B 6 7.3 5.92 5.93 0.41 0.71
e 1
B -4.15 -3.4 5.92 5.93 0.41 0.71
B -5.9 -4.35 5.92 5.93 0.41 0.71
e 17
B -7.3 -6 5.92 5.93 0.41 0.71
e 3
B 7.42 7.43 1.6 2.8 1.01 1.31
B 7.42 7.43 3 4.4 1.01 1.31
e 11
B 7.42 7.43 4.5 5.8 1.01 1.31
e 7
B 7.42 7.43 0.2 1.5 1.01 1.31
B 7.42 7.43 0.2 1.5 0.41 0.71
e 3
B 7.42 7.43 1.6 2.8 0.41 0.71
B 7.42 7.43 3 4.4 0.41 0.71
e 11
B 7.42 7.43 4.5 5.8 0.41 0.71
e 6
B 7.42 7.43 0.2 1.5 -0.19 0.11
e 2
B 7.42 7.43 1.6 2.8 -0.19 0.11
B 7.42 7.43 3 4.4 -0.19 0.11
e 10
B 7.42 7.43 4.5 5.8 -0.19 0.11
e 18
B 5.5 5.9 0.07 0.08 -0.19 0.11
e 34
B 6 7.3 0.07 0.08 -0.19 0.11
e 2
B 2.1 3.4 0.07 0.08 -0.19 0.11
B 3.6 4.9 0.07 0.08 -0.19 0.11
e 18
B 0 0.9 0.07 0.08 -0.19 0.11
e 19
B 0 0.9 0.07 0.08 1.61 1.91
e 3
B 2.1 3.4 0.07 0.08 1.61 1.91
B 3.6 4.9 0.07 0.08 1.61 1.91
B 5 5.9 0.07 0.08 1.61 1.91
e 35
B 6 7.3 0.07 0.08 1.61 1.91
e 3
B 3.6 4.9 0.07 0.08 1.01 1.31
B 2.1 3.4 0.07 0.08 1.01 1.31
B 1 2 0.07 0.08 1.01 1.31
e 19
B 0 0.9 0.07 0.08 1.01 1.31
e 35
B 6 7.3 0.07 0.08 1.01 1.31
e 3
B 5 5.9 0.07 0.08 1.01 1.31
e 10
B -0.08 -0.07 -1.15 0 1.86 1.91
B -0.08 -0.07 -1.15 0 -0.19 0.11
e 6
B -0.08 -0.07 -5.3 -4 -0.19 0.11
B -0.08 -0.07 -3 -2.5 -0.19 0.11
e 3
B 1 2 0.07 0.08 0.41 0.71
e 10
B -0.08 -0.07 -3.9 -3.5 -0.19 0.11
e 35
B 6 7.3 0.07 0.08 0.41 0.71
e 3
B -0.08 -0.07 -3.9 -2.5 1.61 1.91
e 2
B -0.08 -0.07 -2.3 -1.25 -0.19 0.11
e 3
B 3.6 4.9 0.07 0.08 0.41 0.71
B 2.1 3.4 0.07 0.08 0.41 0.71
e 19
B 0 0.9 0.07 0.08 0.41 0.71
e 7
B -0.08 -0.07 -5.3 -4 1.61 1.91
e 11
B -0.08 -0.07 -1.15 0 1.61 1.86
e 3
B 5 5.9 0.07 0.08 0.41 0.71
e 11
B -0.08 -0.07 -1.15 0 1.01 1.31
e 7
B -0.08 -0.07 -5.3 -4 1.01 1.31
e 3
B -0.08 -0.07 -3.9 -2.5 1.01 1.31
B -0.08 -0.07 -2.3 -1.25 1.01 1.31
B -6.2 -5.35 -5.43 -5.42 1.61 1.91
B -5.25 -4.35 -5.43 -5.42 1.61 1.91
B -4.15 -2.85 -5.43 -5.42 1.61 1.91
B -2.75 -1.6 -5.43 -5.42 1.61 1.91
e 35
B -1.5 -0.2 -5.43 -5.42 1.61 1.91
e 7
B -0.08 -0.07 -5.3 -4 0.41 0.71
e 3
B -0.08 -0.07 -3.9 -2.5 0.41 0.71
B -0.08 -0.07 -2.3 -1.25 0.41 0.71
e 11
B -0.08 -0.07 -1.15 0 0.41 0.71
e 19
B -7.3 -6.3 -5.43 -5.42 1.61 1.91
e 3
B -2.75 -1.6 -5.43 -5.42 1.01 1.31
e 35
B -1.5 -0.2 -5.43 -5.42 1.01 1.31
e 3
B -4.15 -2.85 -5.43 -5.42 1.01 1.31
e 19
B -7.3 -6.3 -5.43 -5.42 1.01 1.31
e 3
B -6.2 -5.35 -5.43 -5.42 1.01 1.31
B -5.25 -4.35 -5.43 -5.42 1.01 1.31
e 19
B -7.3 -6.3 -5.43 -5.42 0.41 0.71
e 3
B -6.2 -5.35 -5.43 -5.42 0.41 0.71
B -5.25 -4.35 -5.43 -5.42 0.41 0.71
B -2.75 -1.6 -5.43 -5.42 0.41 0.71
e 35
B -1.5 -0.2 -5.43 -5.42 0.41 0.71
e 3
B -4.15 -2.85 -5.43 -5.42 0.41 0.71
e 2
B -6.2 -5.35 -5.43 -5.42 -0.19 0.11
B -5.25 -4.35 -5.43 -5.42 -0.19 0.11
B -4.15 -2.85 -5.43 -5.42 -0.19 0.11
B -2.75 -1.6 -5.43 -5.42 -0.19 0.11
e 34
B -1.5 -0.2 -5.43 -5.42 -0.19 0.11
e 18
B -7.3 -6.3 -5.43 -5.42 -0.19 0.11
l 0.7 1 0 0 0.1 none 1 1.4 10 0
r 1.0 1 0 0 0
y 5
e 3
a 0
B -3.36 -2.72 -2.42 -2.4 0.91 1.36
l 0.7 1 1 1 1 stucco.jpg 1 1 0 0
density 0.2
y 20
X normal_maps/stucco_NRM.jpg 1 0
e 0
movable 1
a 1
B 7.3 7.4 3.9 4 -0.69 -0.59 0.01
r 1.0 40 0.5 0.5 0.5
density 1
y 16
movable 0
a 0
B -6.65 -6.45 2.6 4.5 -0.415 -0.41
B -6.45 -6.44 2.6 4.5 -0.69 -0.41
B -6.66 -6.65 2.6 4.5 -0.69 -0.41
l 0.8 0.7 0.7 0.7 1 marble.jpg
r 1.0 60 0.8 0.8 0.8
y 2.5
X none
e 1
a 1
B 0.38 0.4 0.48 0.5 0.31 0.47
B 3.1 3.12 0.48 0.5 0.31 0.47
B 3.1 3.12 3.2 3.22 0.31 0.47
B 0.38 0.4 3.2 3.22 0.31 0.47
y 5.5
e 3
C -0.05 -1.96 1.65 0.76 -1.96 1.65 0.014 0.014
C 0.76 -1.96 1.65 0.76 -0.76 1.65 0.014 0.014
C 0.76 -0.76 1.65 1.96 -0.76 1.65 0.014 0.014
C 1.96 -0.76 1.65 1.96 0.05 1.65 0.014 0.014
C -0.05 -1.96 1.58 0.76 -1.96 1.58 0.014 0.014
C 0.76 -1.96 1.58 0.76 -0.76 1.58 0.014 0.014
C 0.76 -0.76 1.58 1.96 -0.76 1.58 0.014 0.014
C 1.96 -0.76 1.58 1.96 0.05 1.58 0.014 0.014
e 0
C 0.76 -1.96 1.51 0.76 -1.96 1.73 0.022 0.022
C 0.76 -0.76 1.51 0.76 -0.76 1.73 0.022 0.022
C 1.96 -0.76 1.51 1.96 -0.76 1.73 0.022 0.022
y 2.5
e 3
C 0.39 0.49 0.43 0.39 3.21 0.43 0.008 0.008
C 0.39 0.49 0.43 3.11 0.49 0.43 0.008 0.008
C 3.11 0.49 0.43 3.11 3.21 0.43 0.008 0.008
C 0.39 3.21 0.43 3.11 3.21 0.43 0.008 0.008
C 0.39 0.49 0.38 0.39 3.21 0.38 0.008 0.008
C 0.39 0.49 0.38 3.11 0.49 0.38 0.008 0.008
C 3.11 0.49 0.38 3.11 3.21 0.38 0.008 0.008
C 0.39 3.21 0.38 3.11 3.21 0.38 0.008 0.008
l 0.9 0.9 0.9 0.9 1 marble.jpg
y 0
a 0
C 5 -4.16 -0.27 5 -4.16 0.36 0.05 0.05
e 0
S 5 -4.16 0.36 0.25
S 4.75 -4.3 -0.04 0.25
S 5.25 -4.3 -0.04 0.25
S 5 -3.88 -0.04 0.25
l 0.95 1 1 1 1 marble.jpg
r 1.0 60 0.6 0.6 0.6
density 2.8
y 8
movable 1
a 1
B 6.9 7 4.4 4.5 -0.69 -0.59 0.01
l 0.78 1 1 1 1 marble.jpg
r 1.0 60 0.8 0.8 0.8
density 1
y 6.5
movable 0
a 0
C 2.7 2.9 -0.21 2.7 2.9 -0.19 0.3 0.3
C 1.5 2 -0.29 1.5 2 -0.271 0.8 0.8
l 0.82 0.6 0.5 0.4 1 snow2.jpg
density 2.7
y 7
B 1.77 1.93 1.8 2.33 -0.15 -0.14
B 1.15 1.85 1.72 1.88 -0.15 -0.14
B 1.07 1.23 1.8 2.33 -0.15 -0.14
C 1.15 1.8 -0.1499 1.15 1.8 -0.14 0.08 0.08
C 1.85 1.8 -0.1499 1.85 1.8 -0.14 0.08 0.08
l 0.6 0.9 0.9 0.9 1 snow2.jpg
r 1.0 40 0.2 0.2 0.2
density 1
y 6
B 7.1 7.4 0.1 0.4 -0.03 0.011
B -6.2 -5.9 5.6 5.9 0.27 0.311
B -6.2 -5.9 4.4 4.7 -0.03 0.011
B 7.1 7.4 0.1 0.4 1.17 1.211
B 5.9 6.2 0.1 0.4 0.87 0.911
B 5.9 6.2 1.3 1.6 0.57 0.611
B 7.1 7.4 1.3 1.6 0.27 0.311
B 5.9 6.2 0.1 0.4 -0.33 -0.289
B -0.4 -0.1 -4.2 -3.9 1.47 1.511
B -0.4 -0.1 -5.4 -5.1 1.17 1.211
B -6.2 -5.9 4.4 4.7 1.17 1.211
B 7.1 7.4 1.3 1.6 1.47 1.511
B -0.4 -0.1 -5.4 -5.1 -0.03 0.011
B -0.4 -0.1 -4.2 -3.9 0.27 0.311
B -1.6 -1.3 -4.2 -3.9 0.57 0.611
B -1.6 -1.3 -5.4 -5.1 0.87 0.911
B -1.6 -1.3 -5.4 -5.1 -0.33 -0.289
B -7.4 -7.1 4.4 4.7 -0.33 -0.289
B -6.2 -5.9 5.6 5.9 1.47 1.511
B -7.4 -7.1 4.4 4.7 0.87 0.911
B -7.4 -7.1 5.6 5.9 0.57 0.611
r 1.0 50 0.4 0.4 0.4
B -0.4 -0.2 -4.3 -4.2 1.44 1.48
B 7.1 7.3 1.2 1.3 1.44 1.48
B -6.2 -6 5.5 5.6 1.44 1.48
B -0.4 -0.2 -4.4 -4.3 1.41 1.45
B 7.1 7.3 1.1 1.2 1.41 1.45
B -6.2 -6 5.4 5.5 1.41 1.45
B -0.4 -0.2 -4.5 -4.4 1.38 1.42
B 7.1 7.3 1 1.1 1.38 1.42
B -6.2 -6 5.3 5.4 1.38 1.42
B -0.4 -0.2 -4.6 -4.5 1.35 1.39
B 7.1 7.3 0.9 1 1.35 1.39
B -6.2 -6 5.2 5.3 1.35 1.39
B -0.4 -0.2 -4.7 -4.6 1.32 1.36
B 7.1 7.3 0.8 0.9 1.32 1.36
B -6.2 -6 5.1 5.2 1.32 1.36
B -0.4 -0.2 -4.8 -4.7 1.29 1.33
B 7.1 7.3 0.7 0.8 1.29 1.33
B -6.2 -6 5 5.1 1.29 1.33
B -0.4 -0.2 -4.9 -4.8 1.26 1.3
B 7.1 7.3 0.6 0.7 1.26 1.3
B -6.2 -6 4.9 5 1.26 1.3
B -0.4 -0.2 -5 -4.9 1.23 1.27
B 7.1 7.3 0.5 0.6 1.23 1.27
B -6.2 -6 4.8 4.9 1.23 1.27
B -0.4 -0.2 -5.1 -5 1.2 1.24
B 7.1 7.3 0.4 0.5 1.2 1.24
B -6.2 -6 4.7 4.8 1.2 1.24
e 8
B -0.5 -0.4 -5.3 -5.1 1.14 1.18
e 0
B 7 7.1 0.2 0.4 1.14 1.18
B -6.3 -6.2 4.5 4.7 1.14 1.18
B -0.6 -0.5 -5.3 -5.1 1.11 1.15
B 6.9 7 0.2 0.4 1.11 1.15
B -6.4 -6.3 4.5 4.7 1.11 1.15
B -0.7 -0.6 -5.3 -5.1 1.08 1.12
B 6.8 6.9 0.2 0.4 1.08 1.12
B -6.5 -6.4 4.5 4.7 1.08 1.12
B -0.8 -0.7 -5.3 -5.1 1.05 1.09
B 6.7 6.8 0.2 0.4 1.05 1.09
B -6.6 -6.5 4.5 4.7 1.05 1.09
B -0.9 -0.8 -5.3 -5.1 1.02 1.06
B 6.6 6.7 0.2 0.4 1.02 1.06
B -6.7 -6.6 4.5 4.7 1.02 1.06
B -1 -0.9 -5.3 -5.1 0.99 1.03
B 6.5 6.6 0.2 0.4 0.99 1.03
B -6.8 -6.7 4.5 4.7 0.99 1.03
B -1.1 -1 -5.3 -5.1 0.96 1
B 6.4 6.5 0.2 0.4 0.96 1
B -6.9 -6.8 4.5 4.7 0.96 1
B -1.2 -1.1 -5.3 -5.1 0.93 0.97
B 6.3 6.4 0.2 0.4 0.93 0.97
B -7 -6.9 4.5 4.7 0.93 0.97
e 8
B -1.3 -1.2 -5.3 -5.1 0.9 0.94
e 0
B 6.2 6.3 0.2 0.4 0.9 0.94
B -7.1 -7 4.5 4.7 0.9 0.94
B -1.5 -1.3 -5.1 -5 0.84 0.88
B 6 6.2 0.4 0.5 0.84 0.88
B -7.3 -7.1 4.7 4.8 0.84 0.88
B -1.5 -1.3 -5 -4.9 0.81 0.85
B 6 6.2 0.5 0.6 0.81 0.85
B -7.3 -7.1 4.8 4.9 0.81 0.85
B -1.5 -1.3 -4.9 -4.8 0.78 0.82
B 6 6.2 0.6 0.7 0.78 0.82
B -7.3 -7.1 4.9 5 0.78 0.82
B -1.5 -1.3 -4.8 -4.7 0.75 0.79
B 6 6.2 0.7 0.8 0.75 0.79
B -7.3 -7.1 5 5.1 0.75 0.79
B -1.5 -1.3 -4.7 -4.6 0.72 0.76
B 6 6.2 0.8 0.9 0.72 0.76
B -7.3 -7.1 5.1 5.2 0.72 0.76
B -1.5 -1.3 -4.6 -4.5 0.69 0.73
B 6 6.2 0.9 1 0.69 0.73
B -7.3 -7.1 5.2 5.3 0.69 0.73
B -1.5 -1.3 -4.5 -4.4 0.66 0.7
B 6 6.2 1 1.1 0.66 0.7
B -7.3 -7.1 5.3 5.4 0.66 0.7
B -1.5 -1.3 -4.4 -4.3 0.63 0.67
B 6 6.2 1.1 1.2 0.63 0.67
B -7.3 -7.1 5.4 5.5 0.63 0.67
B -1.5 -1.3 -4.3 -4.2 0.6 0.64
B 6 6.2 1.2 1.3 0.6 0.64
B -7.3 -7.1 5.5 5.6 0.6 0.64
B -1.3 -1.2 -4.2 -4 0.54 0.58
B 6.2 6.3 1.3 1.5 0.54 0.58
e 4
B -7.1 -7 5.6 5.8 0.54 0.58
e 0
B -1.2 -1.1 -4.2 -4 0.51 0.55
B 6.3 6.4 1.3 1.5 0.51 0.55
B -7 -6.9 5.6 5.8 0.51 0.55
B -1.1 -1 -4.2 -4 0.48 0.52
B 6.4 6.5 1.3 1.5 0.48 0.52
B -6.9 -6.8 5.6 5.8 0.48 0.52
B -1 -0.9 -4.2 -4 0.45 0.49
B 6.5 6.6 1.3 1.5 0.45 0.49
B -6.8 -6.7 5.6 5.8 0.45 0.49
B -0.9 -0.8 -4.2 -4 0.42 0.46
B 6.6 6.7 1.3 1.5 0.42 0.46
B -6.7 -6.6 5.6 5.8 0.42 0.46
B -0.8 -0.7 -4.2 -4 0.39 0.43
B 6.7 6.8 1.3 1.5 0.39 0.43
B -6.6 -6.5 5.6 5.8 0.39 0.43
B -0.7 -0.6 -4.2 -4 0.36 0.4
B 6.8 6.9 1.3 1.5 0.36 0.4
B -6.5 -6.4 5.6 5.8 0.36 0.4
B -0.6 -0.5 -4.2 -4 0.33 0.37
B 6.9 7 1.3 1.5 0.33 0.37
B -6.4 -6.3 5.6 5.8 0.33 0.37
B -0.5 -0.4 -4.2 -4 0.3 0.34
B 7 7.1 1.3 1.5 0.3 0.34
e 4
B -6.3 -6.2 5.6 5.8 0.3 0.34
e 0
B -0.4 -0.2 -4.3 -4.2 0.24 0.28
B 7.1 7.3 1.2 1.3 0.24 0.28
B -6.2 -6 5.5 5.6 0.24 0.28
B -0.4 -0.2 -4.4 -4.3 0.21 0.25
B 7.1 7.3 1.1 1.2 0.21 0.25
B -6.2 -6 5.4 5.5 0.21 0.25
B -0.4 -0.2 -4.5 -4.4 0.18 0.22
B 7.1 7.3 1 1.1 0.18 0.22
B -6.2 -6 5.3 5.4 0.18 0.22
B -0.4 -0.2 -4.6 -4.5 0.15 0.19
B 7.1 7.3 0.9 1 0.15 0.19
B -6.2 -6 5.2 5.3 0.15 0.19
B -0.4 -0.2 -4.7 -4.6 0.12 0.16
B 7.1 7.3 0.8 0.9 0.12 0.16
B -6.2 -6 5.1 5.2 0.12 0.16
B -0.4 -0.2 -4.8 -4.7 0.09 0.13
B 7.1 7.3 0.7 0.8 0.09 0.13
B -6.2 -6 5 5.1 0.09 0.13
B -0.4 -0.2 -4.9 -4.8 0.06 0.1
B 7.1 7.3 0.6 0.7 0.06 0.1
B -6.2 -6 4.9 5 0.06 0.1
B -0.4 -0.2 -5 -4.9 0.03 0.07
B 7.1 7.3 0.5 0.6 0.03 0.07
B -6.2 -6 4.8 4.9 0.03 0.07
B -0.4 -0.2 -5.1 -5 0 0.04
B 7.1 7.3 0.4 0.5 0 0.04
B -6.2 -6 4.7 4.8 0 0.04
e 8
B -0.5 -0.4 -5.3 -5.1 -0.06 -0.02
e 0
B 7 7.1 0.2 0.4 -0.06 -0.02
B -6.3 -6.2 4.5 4.7 -0.06 -0.02
B -0.6 -0.5 -5.3 -5.1 -0.09 -0.05
B 6.9 7 0.2 0.4 -0.09 -0.05
B -6.4 -6.3 4.5 4.7 -0.09 -0.05
B -0.7 -0.6 -5.3 -5.1 -0.12 -0.08
B 6.8 6.9 0.2 0.4 -0.12 -0.08
B -6.5 -6.4 4.5 4.7 -0.12 -0.08
B -0.8 -0.7 -5.3 -5.1 -0.15 -0.11
B 6.7 6.8 0.2 0.4 -0.15 -0.11
B -6.6 -6.5 4.5 4.7 -0.15 -0.11
B -0.9 -0.8 -5.3 -5.1 -0.18 -0.14
B 6.6 6.7 0.2 0.4 -0.18 -0.14
B -6.7 -6.6 4.5 4.7 -0.18 -0.14
B -1 -0.9 -5.3 -5.1 -0.21 -0.17
B 6.5 6.6 0.2 0.4 -0.21 -0.17
B -6.8 -6.7 4.5 4.7 -0.21 -0.17
B -1.1 -1 -5.3 -5.1 -0.24 -0.2
B 6.4 6.5 0.2 0.4 -0.24 -0.2
B -6.9 -6.8 4.5 4.7 -0.24 -0.2
B -1.2 -1.1 -5.3 -5.1 -0.27 -0.23
B 6.3 6.4 0.2 0.4 -0.27 -0.23
B -7 -6.9 4.5 4.7 -0.27 -0.23
B -1.3 -1.2 -5.3 -5.1 -0.3 -0.26
B 6.2 6.3 0.2 0.4 -0.3 -0.26
B -7.1 -7 4.5 4.7 -0.3 -0.26
e 3
C -0.45 -5.05 1.3 -0.45 -4.25 1.54 0.008 0.008
C 7.05 0.45 1.3 7.05 1.25 1.54 0.008 0.008
C -6.25 4.75 1.3 -6.25 5.55 1.54 0.008 0.008
C -1.25 -5.05 1 -0.45 -5.05 1.24 0.008 0.008
C 6.25 0.45 1 7.05 0.45 1.24 0.008 0.008
C -7.05 4.75 1 -6.25 4.75 1.24 0.008 0.008
C -1.25 -4.25 0.7 -1.25 -5.05 0.94 0.008 0.008
C 6.25 1.25 0.7 6.25 0.45 0.94 0.008 0.008
C -7.05 5.55 0.7 -7.05 4.75 0.94 0.008 0.008
C -0.45 -4.25 0.4 -1.25 -4.25 0.64 0.008 0.008
C 7.05 1.25 0.4 6.25 1.25 0.64 0.008 0.008
C -6.25 5.55 0.4 -7.05 5.55 0.64 0.008 0.008
C -0.45 -5.05 0.1 -0.45 -4.25 0.34 0.008 0.008
C 7.05 0.45 0.1 7.05 1.25 0.34 0.008 0.008
C -6.25 4.75 0.1 -6.25 5.55 0.34 0.008 0.008
C -1.25 -5.05 -0.2 -0.45 -5.05 0.04 0.008 0.008
C 6.25 0.45 -0.2 7.05 0.45 0.04 0.008 0.008
C -7.05 4.75 -0.2 -6.25 4.75 0.04 0.008 0.008
r 1.0 60 0.8 0.8 0.8
e 0
B -7.3 -7.1 4.7 4.8 2.04 2.08
B -7.3 -7.1 4.8 4.9 2.01 2.05
B -7.3 -7.1 4.9 5 1.98 2.02
B -7.3 -7.1 5 5.1 1.95 1.99
B -7.3 -7.1 5.1 5.2 1.92 1.96
B -7.3 -7.1 5.2 5.3 1.89 1.93
B -7.3 -7.1 5.3 5.4 1.86 1.9
B -7.3 -7.1 5.4 5.5 1.83 1.87
B -7.3 -7.1 5.5 5.6 1.8 1.84
B -7.1 -7 5.6 5.8 1.74 1.78
B -7.4 -7 4.4 4.7 2.07 2.109
B -7 -6.9 5.6 5.8 1.71 1.75
B -6.9 -6.8 5.6 5.8 1.68 1.72
B -6.8 -6.7 5.6 5.8 1.65 1.69
B -6.7 -6.6 5.6 5.8 1.62 1.66
B -6.6 -6.5 5.6 5.8 1.59 1.63
B -6.5 -6.4 5.6 5.8 1.56 1.6
B -6.4 -6.3 5.6 5.8 1.53 1.57
e 4
B -6.3 -6.2 5.6 5.8 1.5 1.54
e 0
B -7.4 -7.1 5.6 5.9 1.77 1.81
e 3
C -7.05 5.55 1.9 -7.05 4.75 2.14 0.008 0.008
C -6.25 5.55 1.6 -7.05 5.55 1.84 0.008 0.008
l 0.3 0.6 0.6 0.6 1 rock2.png
r 1.0 1 0 0 0
y 3.2
e 0
a 1
C 0.2 -0.2 -0.23 0.2 -0.2 -0.21 0.072 0.074
l 0.3 0.8 0.8 0.8 1 rock2.png
y 2.5
e 125
B -7 -6.8 -6.2 -6 -0.39 -0.31
B -4 -3.8 -6.2 -6 -0.39 -0.31
B -1 -0.8 -6.2 -6 -0.39 -0.31
B 2.5 2.7 -2.1 -1.9 -0.39 -0.31
B 2.5 2.7 -4.1 -3.9 -0.39 -0.31
B 2.5 2.7 -6.1 -5.9 -0.39 -0.31
B 4 4.2 -6.1 -5.9 -0.39 -0.31
B 4 4.2 -2.1 -1.9 -0.39 -0.31
B 5.5 5.7 -6.1 -5.9 -0.39 -0.31
B 5.5 5.7 -2.1 -1.9 -0.39 -0.31
B 7 7.2 -6.1 -5.9 -0.39 -0.31
B 7 7.2 -4.1 -3.9 -0.39 -0.31
B 7 7.2 -2.1 -1.9 -0.39 -0.31
l 0.66 1 1 1 1 paneling.png
y 5
X normal_maps/paneling_NRM.jpg 1 1
e 3
a 0
B 1.8 1.9 1.85 2.3 -0.271 -0.15
B 1.1 1.9 1.75 1.85 -0.271 -0.15
B 1.1 1.2 1.85 2.3 -0.271 -0.15
l 0.9 0.7 0.6 0.55 1 cblock.png
r 1.0 0 0 0 0
y 6
X normal_maps/cblock_NRM.jpg 1 1
e 13
B 7.2 8 -2.1 -1.9 -0.59 -0.29
e 17
B 7 8 -5.9 -4.1 -0.59 -0.29
e 13
B 5.7 7 -2.1 -1.9 -0.59 -0.29
e 9
B 2.7 7 -5.9 -3.9 -0.59 -0.29
e 13
B 5.7 7 -6 -5.9 -0.59 -0.29
B 5.7 7 -6.1 -6 -0.59 -0.29
B 4.2 5.5 -6 -5.9 -0.59 -0.29
B 4.2 5.5 -6.1 -6 -0.59 -0.29
B 2.7 4 -6 -5.9 -0.59 -0.29
e 17
B 4 8 -6.5 -6.1 -0.59 -0.29
e 9
B 2.7 4 -6.5 -6 -0.59 -0.29
e 49
B 2.5 2.7 -6.5 -6.1 -0.59 -0.29
e 9
B -0.8 2.5 -6.5 -6 -0.59 -0.29
e 13
B 7.2 8 -6 -5.9 -0.59 -0.29
e 49
B 2.5 2.7 -1.9 -1 -0.59 -0.29
e 1
B -6.8 2.5 -5.9 -1 -0.59 -0.29
e 9
B -6.8 2.5 -6 -5.9 -0.59 -0.29
e 49
B -1 -0.8 -6.5 -6.2 -0.59 -0.29
e 9
B -3.8 -1 -6.5 -6 -0.59 -0.29
e 49
B -4 -3.8 -6.5 -6.2 -0.59 -0.29
e 9
B -6.8 -4 -6.5 -6 -0.59 -0.29
e 13
B 7.2 8 -6.1 -6 -0.59 -0.29
e 49
B -7 -6.8 -6.5 -6.2 -0.59 -0.29
e 33
B -8 -6.8 -6 -1 -0.59 -0.29
e 9
B -8 -7 -6.5 -6 -0.59 -0.29
e 3
B 7.7 8 2.2 2.6 -0.54 -0.47
B 7.7 8 2.2 2.6 -0.69 -0.54
e 14
B 7.7 8 2 2.2 -0.47 -0.41
e 13
B 7.7 8 2 2.2 -0.69 -0.54
e 3
B 7.7 8 0.9 2 -0.54 -0.47
B 7.7 8 0.9 2 -0.69 -0.54
e 14
B 7.7 8 0.7 0.9 -0.47 -0.41
e 13
B 7.7 8 0.7 0.9 -0.69 -0.54
e 3
B 7.7 8 -0.9 0.7 -0.47 -0.41
B 7.7 8 -0.9 0.7 -0.54 -0.47
B 7.7 8 -0.9 0.7 -0.69 -0.54
B -8 -7.7 2.2 2.6 -0.54 -0.47
B -8 -7.7 2.2 2.6 -0.69 -0.54
e 14
B -8 -7.7 2 2.2 -0.47 -0.41
e 13
B -8 -7.7 2 2.2 -0.69 -0.54
e 3
B -8 -7.7 0.9 2 -0.54 -0.47
e 10
B -8 -7.7 0.7 0.9 -0.47 -0.41
e 9
B -8 -7.7 0.7 0.9 -0.69 -0.54
e 3
B -8 -7.7 -0.4 0.7 -0.54 -0.47
B -8 -7.7 -0.4 0.7 -0.69 -0.54
e 14
B -8 -7.7 -0.6 -0.4 -0.47 -0.41
e 13
B -8 -7.7 -0.6 -0.4 -0.69 -0.54
e 3
B -8 -7.7 -0.9 -0.6 -0.47 -0.41
B -8 -7.7 -0.9 -0.6 -0.54 -0.47
B -8 -7.7 -0.9 -0.6 -0.69 -0.54
B -8 -6.66 2.6 2.9 -0.69 -0.41
e 16
B -6.66 -6 2.9 4.5 -0.41 -0.34
e 3
B -8 -6.66 2.9 4.5 -0.69 -0.34
e 48
B -3.39 -2.61 5.85 6.5 -0.34 -0.29
B -3.39 -2.61 2.9 5 -0.34 -0.29
e 0
B -6 -3.39 2.9 6.5 -0.34 -0.29
e 13
B 7.2 8 -4.1 -3.9 -0.59 -0.29
e 6
B -8 -6.75 5 6.5 -0.36 -0.34
e 3
B -8 -6.75 4.5 5 -0.69 -0.34
e 16
B 5.2 8 3.35 6.5 -0.34 -0.29
e 20
B 5.2 8 2.9 3.05 -0.34 -0.29
e 0
B -2.61 5.2 2.9 6.5 -0.34 -0.29
e 48
B -6.2 -6 5.8 6.5 -0.34 -0.29
e 51
B -6.2 -6 2.9 4.5 -0.34 -0.29
e 0
B -8 -6.2 2.9 6.5 -0.34 -0.29
e 12
B 6.5 8 3.05 3.35 -0.34 -0.29
e 3
B -6.44 -6 2.9 4.5 -0.69 -0.41
B -8 -6.75 5.2 6.5 -0.69 -0.36
B 7.5 8 6.4 6.5 -0.69 -0.34
B 7.9 8 6 6.5 -0.69 -0.34
e 1
B 5 6.5 2.9 3.05 -0.69 -0.34
B 5 6.5 3.35 3.5 -0.69 -0.34
e 3
B -6.32 -6.2 4.5 5.9 -0.69 -0.34
B -6 -5.9 4.5 5.9 -0.69 -0.34
e 1
B -6.75 -5.8 6.4 6.5 -0.69 -0.34
e 0
B -8 8 -1 2.9 -0.41 -0.29
e 3
B -8 -7.7 0.9 2 -0.69 -0.54
e 1
B -8 8 -1 2.9 -0.79 -0.69
e 3
B -8 8 -1 -0.85 -0.69 -0.41
B -6.44 0.2 2.6 2.9 -0.69 -0.41
B 0.6 8 2.6 2.9 -0.69 -0.41
B -8 -7.7 -0.4 0.7 -0.47 -0.41
B -8 -7.7 0.9 2 -0.47 -0.41
B -8 -7.7 2.2 2.6 -0.47 -0.41
B 7.7 8 0.9 2 -0.47 -0.41
B 7.7 8 2.2 2.6 -0.47 -0.41
e 1
B -8 8 2.9 6.5 -0.99 -0.69
e 49
B 2.5 2.7 -5.9 -4.1 -0.59 -0.29
B 2.5 2.7 -3.9 -2.1 -0.59 -0.29
e 17
B 4 5.5 -1.9 -1 -0.59 -0.29
B 4 5.5 -3.9 -2.1 -0.59 -0.29
e 5
B 2.7 4 -3.9 -1 -0.59 -0.29
e 17
B 5.5 7 -1.9 -1 -0.59 -0.29
B 5.5 7 -3.9 -2.1 -0.59 -0.29
e 13
B 4.2 5.5 -2.1 -1.9 -0.59 -0.29
e 17
B 7 8 -1.9 -1 -0.59 -0.29
B 7 8 -3.9 -2.1 -0.59 -0.29
Y 0.168 0 1
e 3
P 4 -7.4 -0.9 -0.41 -7.7 -0.9 -0.42 -7.7 2.6 -0.42 -7.4 2.6 -0.41 0
P 4 7.4 -0.9 -0.41 7.7 -0.9 -0.42 7.7 2.6 -0.42 7.4 2.6 -0.41 0
P 4 -7.4 -0.9 -0.69 -7.7 -0.9 -0.68 -7.7 2.6 -0.68 -7.4 2.6 -0.69 0
P 4 7.4 -0.9 -0.69 7.7 -0.9 -0.68 7.7 2.6 -0.68 7.4 2.6 -0.69 0
r 1.0 1 0 0 0
Y 0 0 0
e 1
B -6.2 -6 4.5 4.6 -0.69 -0.31
e 9
B -8 -7.4 5 5.2 -0.69 -0.63
B -7.6 -7 5 5.2 -0.69 -0.66
e 5
B -6.2 -6 4.6 4.7 -0.69 -0.34
B -6.2 -6 4.7 4.8 -0.69 -0.37
B -6.2 -6 4.8 4.9 -0.69 -0.4
B -6.2 -6 4.9 5 -0.69 -0.43
B -6.2 -6 5 5.1 -0.69 -0.46
B -6.2 -6 5.1 5.2 -0.69 -0.49
B -6.2 -6 5.2 5.3 -0.69 -0.52
B -6.2 -6 5.3 5.4 -0.69 -0.55
B -6.2 -6 5.4 5.5 -0.69 -0.58
B -6.2 -6 5.5 5.6 -0.69 -0.61
B -6.2 -6 5.6 5.7 -0.69 -0.64
e 9
B 5.2 5.3 3.05 3.35 -0.69 -0.31
e 5
B -6.2 -6 5.7 5.8 -0.69 -0.67
e 29
B 5.3 5.4 3.05 3.35 -0.69 -0.34
B 5.4 5.5 3.05 3.35 -0.69 -0.37
e 13
B 5.5 5.6 3.05 3.35 -0.69 -0.4
e 29
B 5.6 5.7 3.05 3.35 -0.69 -0.43
e 13
B 5.7 5.8 3.05 3.35 -0.69 -0.46
e 29
B 5.8 5.9 3.05 3.35 -0.69 -0.49
B 5.9 6 3.05 3.35 -0.69 -0.52
e 13
B 6 6.1 3.05 3.35 -0.69 -0.55
e 29
B 6.1 6.2 3.05 3.35 -0.69 -0.58
B 6.2 6.3 3.05 3.35 -0.69 -0.61
e 13
B 6.3 6.4 3.05 3.35 -0.69 -0.64
e 9
B -8 5.5 -6.7 -6.6 -0.59 -0.35
B -4.5 0.5 -7.1 -7 -0.59 -0.47
B -8 5 -6.8 -6.7 -0.59 -0.38
B -5 2.5 -7 -6.9 -0.59 -0.44
B -8 6.5 -6.6 -6.5 -0.59 -0.32
B -7.5 3.5 -6.9 -6.8 -0.59 -0.41
e 29
B 6.4 6.5 3.05 3.35 -0.69 -0.67
e 9
B -3.5 -1 -7.3 -7.2 -0.59 -0.53
B -4 -0.5 -7.2 -7.1 -0.59 -0.5
l 0.6 1 1 1 1 fence.jpg
density 0.7
y 8
X normal_maps/fence_NRM.jpg 1 1
e 0
movable 1
a 2
B 7.9 8.22 5 5.2 -0.29 -0.27
B -4.3 -4.2 5.5 5.6 -0.276 -0.184
B 4 4.1 -1 -0.9 -0.19 -0.09
B 6 6.1 4 4.1 -0.69 -0.61
B 4 4.1 -1 -0.9 -0.29 -0.19
y 4.8
movable 0
B 5.8062 5.8138 -0.2216 -0.2064 -0.214 -0.176
B 6.1862 6.1938 -0.138 -0.1304 -0.214 -0.176
B 6.1862 6.1938 -0.2216 -0.214 -0.214 -0.176
B 4.7967 5.2033 -5.202 -5.05 -0.2292 -0.214
e 1
B 4.7986 4.8214 -5.0994 -5.0614 -0.29 -0.2292
B 4.7986 4.8214 -5.1906 -5.1526 -0.29 -0.2292
B 5.1786 5.2014 -5.0994 -5.0614 -0.29 -0.2292
B 5.1786 5.2014 -5.1906 -5.1526 -0.29 -0.2292
e 0
B 4.7948 4.829 -5.1944 -5.031 -0.176 -0.1684
B 5.171 5.2052 -5.1944 -5.031 -0.176 -0.1684
B 4.8062 4.8138 -5.0956 -5.0804 -0.214 -0.176
B 4.8062 4.8138 -5.1716 -5.1564 -0.214 -0.176
B 5.1862 5.1938 -5.088 -5.0804 -0.214 -0.176
B 5.1862 5.1938 -5.1716 -5.164 -0.214 -0.176
B 4.7967 5.2033 -3.36 -3.208 -0.2292 -0.214
e 1
B 4.7986 4.8214 -3.3486 -3.3106 -0.29 -0.2292
B 4.7986 4.8214 -3.2574 -3.2194 -0.29 -0.2292
B 5.1786 5.2014 -3.3486 -3.3106 -0.29 -0.2292
B 5.1786 5.2014 -3.2574 -3.2194 -0.29 -0.2292
e 0
B 4.7948 4.829 -3.379 -3.2156 -0.176 -0.1684
B 5.171 5.2052 -3.379 -3.2156 -0.176 -0.1684
B 4.8062 4.8138 -3.3296 -3.3144 -0.214 -0.176
B 4.8062 4.8138 -3.2536 -3.2384 -0.214 -0.176
B 5.1862 5.1938 -3.3296 -3.322 -0.214 -0.176
B 5.1862 5.1938 -3.246 -3.2384 -0.214 -0.176
B 0.1304 0.138 -1.3138 -1.3062 -0.214 -0.176
B 0.1 0.252 -1.7033 -1.2967 -0.2292 -0.214
e 1
B 0.1114 0.1494 -1.7014 -1.6786 -0.29 -0.2292
B 0.2026 0.2406 -1.7014 -1.6786 -0.29 -0.2292
B 0.1114 0.1494 -1.3214 -1.2986 -0.29 -0.2292
B 0.2026 0.2406 -1.3214 -1.2986 -0.29 -0.2292
e 0
B 0.081 0.2444 -1.7052 -1.671 -0.176 -0.1684
B 0.081 0.2444 -1.329 -1.2948 -0.176 -0.1684
B 0.1304 0.1456 -1.6938 -1.6862 -0.214 -0.176
B 0.2064 0.2216 -1.6938 -1.6862 -0.214 -0.176
B 0.214 0.2216 -1.3138 -1.3062 -0.214 -0.176
B 0.1 0.252 -4.4033 -3.9967 -0.2292 -0.214
e 1
B 0.1114 0.1494 -4.4014 -4.3786 -0.29 -0.2292
B 0.2026 0.2406 -4.4014 -4.3786 -0.29 -0.2292
B 0.1114 0.1494 -4.0214 -3.9986 -0.29 -0.2292
B 0.2026 0.2406 -4.0214 -3.9986 -0.29 -0.2292
e 0
B 0.081 0.2444 -4.4052 -4.371 -0.176 -0.1684
B 0.081 0.2444 -4.029 -3.9948 -0.176 -0.1684
B 0.1304 0.1456 -4.3938 -4.3862 -0.214 -0.176
B 0.2064 0.2216 -4.3938 -4.3862 -0.214 -0.176
B 0.1304 0.138 -4.0138 -4.0062 -0.214 -0.176
B 0.214 0.2216 -4.0138 -4.0062 -0.214 -0.176
B 6.47 6.622 -4.4033 -3.9967 -0.2292 -0.214
e 1
B 6.4814 6.5194 -4.4014 -4.3786 -0.29 -0.2292
B 6.5726 6.6106 -4.4014 -4.3786 -0.29 -0.2292
B 6.4814 6.5194 -4.0214 -3.9986 -0.29 -0.2292
B 6.5726 6.6106 -4.0214 -3.9986 -0.29 -0.2292
e 0
B 6.451 6.6144 -4.4052 -4.371 -0.176 -0.1684
B 6.451 6.6144 -4.029 -3.9948 -0.176 -0.1684
B 6.5004 6.5156 -4.3938 -4.3862 -0.214 -0.176
B 6.5764 6.5916 -4.3938 -4.3862 -0.214 -0.176
B 6.5004 6.508 -4.0138 -4.0062 -0.214 -0.176
B 6.584 6.5916 -4.0138 -4.0062 -0.214 -0.176
B 3.378 3.53 -4.4033 -3.9967 -0.2292 -0.214
e 1
B 3.4806 3.5186 -4.4014 -4.3786 -0.29 -0.2292
B 3.3894 3.4274 -4.4014 -4.3786 -0.29 -0.2292
B 3.4806 3.5186 -4.0214 -3.9986 -0.29 -0.2292
B 3.3894 3.4274 -4.0214 -3.9986 -0.29 -0.2292
e 0
B 3.3856 3.549 -4.4052 -4.371 -0.176 -0.1684
B 3.3856 3.549 -4.029 -3.9948 -0.176 -0.1684
B 3.4844 3.4996 -4.3938 -4.3862 -0.214 -0.176
B 3.4084 3.4236 -4.3938 -4.3862 -0.214 -0.176
B 3.492 3.4996 -4.0138 -4.0062 -0.214 -0.176
B 3.4084 3.416 -4.0138 -4.0062 -0.214 -0.176
B 2.5967 3.0033 -0.252 -0.1 -0.2292 -0.214
e 1
B 2.5986 2.6214 -0.1494 -0.1114 -0.29 -0.2292
B 2.5986 2.6214 -0.2406 -0.2026 -0.29 -0.2292
B 2.9786 3.0014 -0.1494 -0.1114 -0.29 -0.2292
B 2.9786 3.0014 -0.2406 -0.2026 -0.29 -0.2292
e 0
B 2.5948 2.629 -0.2444 -0.081 -0.176 -0.1684
B 2.971 3.0052 -0.2444 -0.081 -0.176 -0.1684
B 2.6062 2.6138 -0.1456 -0.1304 -0.214 -0.176
B 2.6062 2.6138 -0.2216 -0.2064 -0.214 -0.176
B 2.9862 2.9938 -0.138 -0.1304 -0.214 -0.176
B 2.9862 2.9938 -0.2216 -0.214 -0.214 -0.176
B 3.9967 4.4033 -0.252 -0.1 -0.2292 -0.214
e 1
B 3.9986 4.0214 -0.1494 -0.1114 -0.29 -0.2292
B 3.9986 4.0214 -0.2406 -0.2026 -0.29 -0.2292
B 4.3786 4.4014 -0.1494 -0.1114 -0.29 -0.2292
B 4.3786 4.4014 -0.2406 -0.2026 -0.29 -0.2292
e 0
B 3.9948 4.029 -0.2444 -0.081 -0.176 -0.1684
B 4.371 4.4052 -0.2444 -0.081 -0.176 -0.1684
B 4.0062 4.0138 -0.1456 -0.1304 -0.214 -0.176
B 4.0062 4.0138 -0.2216 -0.2064 -0.214 -0.176
B 4.3862 4.3938 -0.138 -0.1304 -0.214 -0.176
B 4.3862 4.3938 -0.2216 -0.214 -0.214 -0.176
B 5.7967 6.2033 -0.252 -0.1 -0.2292 -0.214
e 1
B 5.7986 5.8214 -0.1494 -0.1114 -0.29 -0.2292
B 5.7986 5.8214 -0.2406 -0.2026 -0.29 -0.2292
B 6.1786 6.2014 -0.1494 -0.1114 -0.29 -0.2292
B 6.1786 6.2014 -0.2406 -0.2026 -0.29 -0.2292
e 0
B 5.7948 5.829 -0.2444 -0.081 -0.176 -0.1684
B 6.171 6.2052 -0.2444 -0.081 -0.176 -0.1684
B 5.8062 5.8138 -0.1456 -0.1304 -0.214 -0.176
y 8
movable 1
C 7.3 -3.6 -0.24 7.3 -3.7 -0.24 0.05 0.05
C 5.3 -1.6 -0.24 5.3 -1.7 -0.24 0.05 0.05
y 0
C 6.3 -1.5 -0.25 6.3 -1.65 -0.25 0.04 0.04
y 8
C 7.5 -3.5 -0.29 7.5 -3.5 -0.19 0.05 0.05
C 4.5 -1.2 -0.29 4.5 -1.2 -0.19 0.05 0.05
S 5 -1.4 -0.24 0.05
y 4.8
movable 0
P 4 4.81 -5.012 -0.1 5.19 -5.012 -0.1 5.19 -5.0576 -0.2292 4.81 -5.0576 -0.2292 0.0152
P 4 0.062 -4.39 -0.1 0.062 -4.01 -0.1 0.1076 -4.01 -0.2292 0.1076 -4.39 -0.2292 0.0152
P 4 3.568 -4.39 -0.1 3.568 -4.01 -0.1 3.5224 -4.01 -0.2292 3.5224 -4.39 -0.2292 0.0152
P 4 6.432 -4.39 -0.1 6.432 -4.01 -0.1 6.4776 -4.01 -0.2292 6.4776 -4.39 -0.2292 0.0152
P 4 4.81 -3.398 -0.1 5.19 -3.398 -0.1 5.19 -3.3524 -0.2292 4.81 -3.3524 -0.2292 0.0152
P 4 0.062 -1.69 -0.1 0.062 -1.31 -0.1 0.1076 -1.31 -0.2292 0.1076 -1.69 -0.2292 0.0152
P 4 2.61 -0.062 -0.1 2.99 -0.062 -0.1 2.99 -0.1076 -0.2292 2.61 -0.1076 -0.2292 0.0152
P 4 4.01 -0.062 -0.1 4.39 -0.062 -0.1 4.39 -0.1076 -0.2292 4.01 -0.1076 -0.2292 0.0152
P 4 5.81 -0.062 -0.1 6.19 -0.062 -0.1 6.19 -0.1076 -0.2292 5.81 -0.1076 -0.2292 0.0152
y 8
movable 1
P 3 6 -2.5 -0.29 6.2 -2.5 -0.29 6 -2.5 -0.19 0.1
k 5 -2.3 -0.24 5.05 -2.35 -0.24 0.05 0.05
k 4.9 -2 -0.24 5 -2 -0.24 0.05 0.05
y 0
X none
k 5.8 -1.5 -0.25 5.8 -1.65 -0.25 0.04 0.04
l 0.1 1 1 1 1 skull.png
density 1
y 3.1
movable 0
a 1
B 2.55 2.9 -3.001 -2.999 2.31 2.51
l 0.8 1 1 1 1 radiation.png 1 1 0 1
y 100
e 4
a 0
B 0.14 0.16 2.9 2.91 -0.58 -0.56
e 32
B 0.59 0.6 2.84 2.86 -0.58 -0.56
e 8
B 0.14 0.16 2.59 2.6 -0.58 -0.56
e 32
B 0.59 0.6 2.64 2.66 -0.58 -0.56
e 8
B -6.31 -6.29 2.59 2.6 -0.59 -0.57
e 4
B -6.31 -6.29 -0.85 -0.849 -0.59 -0.57
l 0.87 1 1 1 1 yuck.png 1 1 0 0
y 48
metalness 1
e 3
a 4
C -6.7 4.55 -0.6 -6.7 4.55 -0.564 0.0189 0.0189
C -6.4 4.55 -0.6 -6.4 4.55 -0.564 0.0189 0.0189
C -3.45 5.55 -0.6 -3.45 5.55 -0.564 0.0189 0.0189
C -2.55 5.55 -0.6 -2.55 5.55 -0.564 0.0189 0.0189
l 0.7 0.5 0.5 0.5 1 wood.jpg
y 8
metalness 0
X normal_maps/wood_NRM.jpg 1 1
e 1
a 2
P 4 -8.16 5.32 -0.69 -8 5.2 -0.69 -8 5.2 -0.36 -8.16 5.32 -0.36 0.02
l 0.7 0.6 0.6 0.6 1 wood.jpg
density 0.7
y 6
e 0
movable 1
B -3.954 -3.9396 -0.904 -0.8896 0.31 0.3964
B -4.304 -4.2896 -0.9604 -0.946 0.31 0.3964
B -3.8604 -3.846 -0.904 -0.8896 0.31 0.3964
B -4.3112 -4.3004 -1.0504 -0.9496 0.4108 0.5476
y 5
e 3
movable 0
a 0
B -3.8056 -3.784 -3.108 -3.0864 0.31 0.4216
y 6
e 0
movable 1
a 2
B -3.954 -3.9396 -0.8104 -0.796 0.31 0.3964
B -3.8604 -3.846 -0.8104 -0.796 0.31 0.3964
B -4.1504 -4.0496 -1.2112 -1.2004 0.4108 0.5476
B -4.154 -4.1396 -1.204 -1.1896 0.31 0.3964
B -4.0604 -4.046 -1.1104 -1.096 0.31 0.3964
B -4.0604 -4.046 -1.204 -1.1896 0.31 0.3964
B -4.2104 -4.196 -0.9604 -0.946 0.31 0.3964
B -3.9504 -3.8496 -1.2112 -1.2004 0.4108 0.5476
B -3.954 -3.9396 -1.1104 -1.096 0.31 0.3964
B -3.954 -3.9396 -1.204 -1.1896 0.31 0.3964
B -3.8604 -3.846 -1.1104 -1.096 0.31 0.3964
B -3.8604 -3.846 -1.204 -1.1896 0.31 0.3964
B -3.804 -3.7896 -0.9604 -0.946 0.31 0.3964
B -4.304 -4.2896 -1.054 -1.0396 0.31 0.3964
B -4.154 -4.1396 -1.1104 -1.096 0.31 0.3964
B -4.2104 -4.196 -1.054 -1.0396 0.31 0.3964
B -3.6996 -3.6888 -1.0504 -0.9496 0.4108 0.5476
B -3.804 -3.7896 -1.054 -1.0396 0.31 0.3964
B -3.7104 -3.696 -1.054 -1.0396 0.31 0.3964
B -3.7104 -3.696 -0.9604 -0.946 0.31 0.3964
y 5
movable 0
a 0
B -4.2196 -3.7804 -3.1116 -2.8884 0.4216 0.436
e 3
B -4.216 -4.1944 -3.108 -3.0864 0.31 0.4216
B -4.216 -4.1944 -2.9136 -2.892 0.31 0.4216
B -4.216 -4.1944 -1.108 -1.0864 0.31 0.4216
B -3.8056 -3.784 -2.9136 -2.892 0.31 0.4216
e 0
B -4.2196 -3.7804 -1.1116 -0.8884 0.4216 0.436
y 6
movable 1
a 2
B -4.154 -4.1396 -0.904 -0.8896 0.31 0.3964
y 5
e 3
movable 0
a 0
B -4.216 -4.1944 -0.9136 -0.892 0.31 0.4216
B -3.8056 -3.784 -1.108 -1.0864 0.31 0.4216
y 6
e 0
movable 1
a 2
B -4.154 -4.1396 -0.8104 -0.796 0.31 0.3964
B -4.0604 -4.046 -0.904 -0.8896 0.31 0.3964
B -4.0604 -4.046 -0.8104 -0.796 0.31 0.3964
B -3.9504 -3.8496 -0.7996 -0.7888 0.4108 0.5476
y 5
e 3
movable 0
a 0
B -3.8056 -3.784 -0.9136 -0.892 0.31 0.4216
y 6
e 0
movable 1
a 2
B -4.1504 -4.0496 -0.7996 -0.7888 0.4108 0.5476
y 7
a 0
B 4.784 5.216 1.892 2.108 -0.28 -0.1576
y 5
e 2
movable 0
B -5.3056 -5.284 -0.9136 -0.892 -0.28 -0.1684
B -5.716 -5.6944 -0.9136 -0.892 -0.28 -0.1684
B -5.3056 -5.284 -1.108 -1.0864 -0.28 -0.1684
e 0
B -5.7196 -5.2804 -1.1116 -0.8884 -0.1684 -0.154
e 2
B -5.716 -5.6944 -1.108 -1.0864 -0.28 -0.1684
y 6
e 0
movable 1
a 2
B 1.5396 1.554 2.1396 2.154 -0.261 -0.1746
B 1.4496 1.5504 2.1504 2.1612 -0.1602 -0.0234
B 1.446 1.4604 2.1396 2.154 -0.261 -0.1746
B 1.5396 1.554 2.046 2.0604 -0.261 -0.1746
B 1.446 1.4604 2.046 2.0604 -0.261 -0.1746
l 0.45 0.95 0.95 0.95 1 particleb.png
density 1
y 2.5
X normal_maps/particleb_NRM.jpg 1 1
e 46
movable 0
a 1
B 7.3 7.4 0.2 1.5 1.96 1.98
e 2
B 6 7.4 1.5 5.9 1.96 1.98
B 6 7.4 0.1 0.2 1.96 1.98
e 6
B -0.1 6 1.5 5.9 1.96 1.98
e 10
B -0.1 6 0.1 1.5 1.96 1.98
e 2
B 6 7.4 1.5 5.9 1.36 1.38
e 6
B -0.1 6 1.5 5.9 1.36 1.38
e 10
B -0.1 6 0.1 1.5 1.36 1.38
e 46
B 7.3 7.4 0.2 1.5 1.36 1.38
e 2
B 6 7.4 0.1 0.2 1.36 1.38
e 6
B -0.1 6 1.5 5.9 0.76 0.78
e 2
B 6 7.4 1.5 5.9 0.76 0.78
B 6 7.4 0.1 0.2 0.76 0.78
e 10
B -0.1 6 0.1 1.5 0.76 0.78
e 46
B 7.3 7.4 0.2 1.5 0.76 0.78
e 10
B -7.4 -3.5 -5.4 0.5 1.96 1.98
B -6 -3.5 4.5 5.8 1.96 1.98
e 46
B -0.2 -0.1 -5.3 -4 1.96 1.98
e 18
B -3.5 -0.1 3 5.9 1.96 1.98
e 14
B -7.4 -3.5 0.5 3 1.96 1.98
B -0.5 -0.1 0.5 3 1.96 1.98
e 26
B -3.5 -1.5 -5.4 -4 1.96 1.98
e 10
B -0.1 0.4 0.1 3.2 0.16 0.18
e 2
B 6 7.4 0.1 0.2 0.16 0.18
e 10
B 3.1 6 0.1 3.2 0.16 0.18
e 34
B -0.1 3.1 3.2 5.9 0.16 0.18
e 6
B 3.1 7.4 3.2 5.9 0.16 0.18
e 10
B 6 7.4 1.5 3.2 0.16 0.18
e 50
B 0.4 3.1 0.1 0.5 0.16 0.18
e 18
B -3.5 -0.1 -4 0.5 1.96 1.98
e 46
B 7.3 7.4 0.2 1.5 0.16 0.18
e 18
B -7.3 -3.5 5.8 5.9 1.96 1.98
e 22
B -7.3 -3.5 3 4.5 1.96 1.98
e 6
B -7.4 -7.3 3 5.9 1.96 1.98
e 18
B -1.5 -0.1 -5.4 -5.3 1.96 1.98
B -7.3 -3.39 5.8 5.9 1.36 1.38
e 26
B -3.3 -0.1 5.85 5.9 1.36 1.38
e 18
B -3.3 -0.1 2.8 5 1.36 1.38
e 14
B -0.7 -0.1 0.7 2.8 1.36 1.38
e 10
B -6 -3.39 4.5 5.8 1.36 1.38
e 50
B -3.39 -3.3 4.5 5 1.36 1.38
e 14
B -7.4 -3.3 0.7 2.8 1.36 1.38
e 2
B -7.4 -3.3 -5.4 0.7 1.36 1.38
e 46
B -0.2 -0.1 -5.3 -4 1.36 1.38
e 14
B -2.61 -0.1 5 5.85 1.36 1.38
e 58
B -3.39 -3.3 5.85 5.9 1.36 1.38
e 22
B -7.3 -3.3 2.8 4.5 1.36 1.38
e 6
B -7.4 -7.3 2.8 5.9 1.36 1.38
e 18
B -1.5 -0.1 -5.4 -5.3 1.36 1.38
B -3.3 -0.1 -4 0.7 1.36 1.38
e 26
B -3.3 -1.5 -5.4 -4 1.36 1.38
e 50
B -7.3 -6 5.8 5.9 0.76 0.78
e 26
B -3.39 -1.5 5.85 5.9 0.76 0.78
e 18
B -3.39 -1.5 4.5 5 0.76 0.78
e 2
B -6 -3.39 4.5 5.9 0.76 0.78
e 46
B -0.2 -0.1 -5.3 -4 0.76 0.78
e 2
B -7.4 -7.3 4.5 5.9 0.76 0.78
e 38
B -7.4 -6 -4 4.5 0.76 0.78
e 14
B -6 -1.5 -4 4.5 0.76 0.78
e 18
B -1.5 -0.1 -5.4 -5.3 0.76 0.78
e 10
B -7.4 -1.5 -5.4 -4 0.76 0.78
e 14
B -2.61 -1.5 5 5.85 0.76 0.78
e 18
B -1.5 -0.1 -4 5.9 0.76 0.78
e 2
B -7.4 -7.3 4.5 5.9 0.16 0.18
e 38
B -7.4 -6 -4 4.5 0.16 0.18
e 10
B -7.4 -1.5 -5.4 -4 0.16 0.18
e 46
B -0.2 -0.1 -5.3 -4 0.16 0.18
e 26
B -3.39 -1.5 5.85 5.9 0.16 0.18
e 18
B -3.39 -1.5 4.5 5 0.16 0.18
e 2
B -6 -3.39 4.5 5.9 0.16 0.18
e 18
B -1.5 -0.1 -5.4 -5.3 0.16 0.18
B -1.5 -0.1 -4 5.9 0.16 0.18
e 14
B -2.61 -1.5 5 5.85 0.16 0.18
B -6 -1.5 -4 4.5 0.16 0.18
e 50
B -7.3 -6 5.8 5.9 0.16 0.18
l 0.4 0.1 0.15 0.5 1 plaster.png
density 0.7
y 8
X none
e 0
movable 1
a 2
B -4.313 -4.1906 -1.0594 -0.9406 0.3964 0.4108 0.00288
B -4.1594 -4.0406 -0.9094 -0.787 0.3964 0.4108 0.00288
B -4.1594 -4.0406 -1.213 -1.0906 0.3964 0.4108 0.00288
B -3.9594 -3.8406 -0.9094 -0.787 0.3964 0.4108 0.00288
B -3.9594 -3.8406 -1.213 -1.0906 0.3964 0.4108 0.00288
B -3.8094 -3.687 -1.0594 -0.9406 0.3964 0.4108 0.00288
B 1.4406 1.5594 2.0406 2.163 -0.1746 -0.1602 0.00288
l 0.8 0.2 0.2 0.2 1 plaster.png
density 1
X normal_maps/dirt_normal.jpg 1 1
movable 0
a 0
B 8.2 8.3 -1.3 -0.7 -0.25 -0.2
B 8.1 8.2 -1.3 -0.7 -0.28 -0.23
e 1
B 1.2 1.8 -10.05 -9.9 -0.49 -0.232
B 8 8.1 -1.3 -0.7 -0.69 -0.26
B 1.2 1.8 -9.9 -9.4 -0.49 -0.265
e 0
B 8.3 9.9 -1.3 -0.7 -0.22 -0.17
e 1
B 9.2 9.6 -1.4 -0.6 -0.23 -0.2
B 1.2 1.8 -9.4 -8.9 -0.49 -0.295
B 1.2 1.8 -8.9 -8.4 -0.49 -0.325
B 1.2 1.8 -8.4 -7.9 -0.49 -0.355
B 1.2 1.8 -7.9 -7.4 -0.49 -0.385
B 1.2 1.8 -7.4 -7 -0.49 -0.415
B 9.2 9.6 -1.5 -0.5 -0.26 -0.23
B 9.2 9.6 -1.6 -0.4 -0.29 -0.26
B 9.2 9.6 -1.7 -0.3 -0.32 -0.29
B 9.2 9.6 -1.8 -0.2 -0.35 -0.32
B 9.2 9.6 -1.9 -0.1 -0.38 -0.35
B 9.2 9.6 -2 -7.45058e-08 -0.41 -0.38
B 9.2 9.6 -2.1 0.0999999 -0.44 -0.41
B 9.2 9.6 -2.2 0.2 -0.47 -0.44
B 8 9.9 4.7 5.5 -0.72 -0.69
B 9.2 9.6 -2.3 0.3 -0.5 -0.47
B 8 9.9 4.6 5.6 -0.75 -0.72
B 8 9.9 4.5 5.7 -0.78 -0.75
B 8 9.9 4.4 5.9 -0.84 -0.81
B 8 9.9 4.4 5.8 -0.81 -0.78
B 8 9.9 4.4 6 -0.87 -0.84
B 8 9.9 4.4 6.1 -0.9 -0.87
B 8 9.9 4.4 6.2 -0.93 -0.9
B -5.8 -4.5 6.5 9.9 -0.72 -0.69
B -5.9 -4.4 6.5 9.9 -0.75 -0.72
B -6 -4.3 6.5 9.9 -0.78 -0.75
B -6.1 -4.1 6.5 9.9 -0.84 -0.81
B -6.1 -4.2 6.5 9.9 -0.81 -0.78
B -6.1 -4 6.5 9.9 -0.99 -0.84
B -4 -3.9 6.5 7.5 -0.99 -0.87
P 4 7.99 -4 -0.34 7.99 -3.8 -0.34 9 -3.8 -0.405 9 -4 -0.405 0.1
l 0.88 0.22 0.21 0.2 1 plaster.png
y 5.5
B -4.32 -4.18 0.15 0.17 -0.67 2.19
B -4.32 -4.18 0.03 0.05 -0.67 2.19
e 9
B -4.26 -4.24 -2.45 -2.35 -0.27 2.19
e 1
B -4.32 -4.18 -2.35 -2.33 -0.27 2.19
B -4.32 -4.18 -2.47 -2.45 -0.27 2.19
e 5
B -4.26 -4.24 -5.45 -5.35 -0.27 2.19
e 1
B -4.32 -4.18 -5.35 -5.33 -0.27 2.19
B -4.32 -4.18 -5.47 -5.45 -0.27 2.19
e 9
B -7.41 -7.39 5.85 5.95 -0.27 2.19
e 1
B -7.47 -7.33 5.95 5.97 -0.27 2.19
B -7.47 -7.33 5.83 5.85 -0.27 2.19
e 9
B -7.41 -7.39 2.85 2.95 -0.27 2.19
e 1
B -7.47 -7.33 2.95 2.97 -0.27 2.19
B -7.47 -7.33 2.83 2.85 -0.27 2.19
e 9
B -7.41 -7.39 0.05 0.15 -0.67 2.19
e 1
B -7.47 -7.33 0.15 0.17 -0.67 2.19
B -7.47 -7.33 0.03 0.05 -0.67 2.19
e 9
B -7.41 -7.39 -2.45 -2.35 -0.27 2.19
e 1
B -7.47 -7.33 -2.35 -2.33 -0.27 2.19
B -7.47 -7.33 -2.47 -2.45 -0.27 2.19
e 5
B -7.41 -7.39 -5.45 -5.35 -0.27 2.19
e 1
B -7.47 -7.33 -5.35 -5.33 -0.27 2.19
B -7.47 -7.33 -5.47 -5.45 -0.27 2.19
B -0.17 -0.03 -5.47 -5.45 -0.27 2.19
B -0.17 -0.03 2.95 2.97 -0.67 2.19
e 9
B 7.39 7.41 5.85 5.95 -0.67 2.19
e 1
B 7.33 7.47 5.95 5.97 -0.67 2.19
B 7.33 7.47 5.83 5.85 -0.67 2.19
e 9
B 7.39 7.41 2.85 2.95 -0.67 2.19
e 1
B 7.33 7.47 2.95 2.97 -0.67 2.19
B 7.33 7.47 2.83 2.85 -0.67 2.19
e 9
B 7.39 7.41 0.05 0.15 -0.67 2.19
e 1
B 7.33 7.47 0.15 0.17 -0.67 2.19
B 7.33 7.47 0.03 0.05 -0.67 2.19
e 9
B 3.49 3.51 5.85 5.95 -0.67 2.19
e 1
B 3.43 3.57 5.95 5.97 -0.67 2.19
B 3.43 3.57 5.83 5.85 -0.67 2.19
e 9
B 3.49 3.51 2.85 2.95 -0.67 2.19
e 1
B 3.43 3.57 2.95 2.97 -0.67 2.19
B 3.43 3.57 2.83 2.85 -0.67 2.19
e 9
B 3.49 3.51 0.05 0.15 -0.67 2.19
e 1
B 3.43 3.57 0.15 0.17 -0.67 2.19
B 3.43 3.57 0.03 0.05 -0.67 2.19
e 9
B -0.11 -0.09 5.85 5.95 -0.67 2.19
e 1
B -0.17 -0.03 5.95 5.97 -0.67 2.19
B -0.17 -0.03 5.83 5.85 -0.67 2.19
e 9
B -0.11 -0.09 2.85 2.95 -0.67 2.19
e 1
B -0.17 -0.03 2.83 2.85 -0.67 2.19
e 9
B -0.11 -0.09 0.05 0.15 -0.67 2.19
e 1
B -0.17 -0.03 0.15 0.17 -0.67 2.19
B -0.17 -0.03 0.03 0.05 -0.67 2.19
e 9
B -0.11 -0.09 -2.45 -2.35 -0.27 2.19
e 1
B -0.17 -0.03 -2.35 -2.33 -0.27 2.19
B -0.17 -0.03 -2.47 -2.45 -0.27 2.19
e 5
B -0.11 -0.09 -5.45 -5.35 -0.27 2.19
e 1
B -0.17 -0.03 -5.35 -5.33 -0.27 2.19
e 9
B -4.26 -4.24 5.85 5.95 -0.67 2.19
e 1
B -4.32 -4.18 5.95 5.97 -0.67 2.19
B -4.32 -4.18 5.83 5.85 -0.67 2.19
e 9
B -4.26 -4.24 2.85 2.95 -0.67 2.19
e 1
B -4.32 -4.18 2.95 2.97 -0.67 2.19
B -4.32 -4.18 2.83 2.85 -0.67 2.19
e 9
B -4.26 -4.24 0.05 0.15 -0.67 2.19
l 0.88 0.32 0.31 0.3 1 plaster.png
e 3
a 1
C 0.76 -1.96 -0.29 0.76 -1.96 1.51 0.032 0.032
C 0.76 -0.76 -0.29 0.76 -0.76 1.51 0.032 0.032
C 1.96 -0.76 -0.29 1.96 -0.76 1.51 0.032 0.032
l 0.7 0.4 0.4 0.4 1 plaster.png
y 4
e 0
B -6 -5.9 4.5 5.8 2.51 2.57
B -7.4 -7.3 4.5 5.8 2.51 2.57
e 2
B -7.4 -5.9 5.85 5.9 2.11 2.51
e 1
B -7.4 -7.35 4.4 5.9 2.11 2.51
e 3
B -7.4 -7.3 4.4 4.45 2.11 2.51
B -6.9 -5.9 4.4 4.45 2.11 2.51
e 0
B -5.95 -5.9 4.4 5.9 2.11 2.51
B -7.4 -5.9 4.4 4.5 2.51 2.57
B -7.4 -5.9 5.8 5.9 2.51 2.57
l 0.85 0.4 0.4 0.4 1 plaster.png
y 6
a 0
B -0.05 2 -0.8 0.05 1.43 1.51
B -0.05 0.8 -2 0.05 1.43 1.51
l 0.87 0.45 0.4 0.4 1 plaster.png
y 16
metalness 1
X none
e 3
a 4
C -6.7 4.55 -0.4974 -6.7 4.55 -0.4704 0.0072 0.0072
C -6.4 4.55 -0.4974 -6.4 4.55 -0.4704 0.0072 0.0072
C -3.45 5.55 -0.4974 -3.45 5.55 -0.4704 0.0072 0.0072
C -2.55 5.55 -0.4974 -2.55 5.55 -0.4704 0.0072 0.0072
C -6.7 4.55 -0.69 -6.7 4.55 -0.6756 0.0126 0.0126
C -6.4 4.55 -0.69 -6.4 4.55 -0.6756 0.0126 0.0126
C -3.45 5.55 -0.69 -3.45 5.55 -0.6756 0.0126 0.0126
C -2.55 5.55 -0.69 -2.55 5.55 -0.6756 0.0126 0.0126
e 0
S -6.7 4.55 -0.4704 0.0072
S -6.4 4.55 -0.4704 0.0072
S -3.45 5.55 -0.4704 0.0072
S -2.55 5.55 -0.4704 0.0072
k -6.7 4.55 -0.672 -6.7 4.55 -0.51 0.018 0.018
k -6.4 4.55 -0.672 -6.4 4.55 -0.51 0.018 0.018
k -3.45 5.55 -0.672 -3.45 5.55 -0.51 0.018 0.018
k -2.55 5.55 -0.672 -2.55 5.55 -0.51 0.018 0.018
l 0.85 0.5 0.5 0.5 1 plaster.png
y 5.5
metalness 0
X normal_maps/dirt_normal.jpg 1 1
e 1
a 1
B 6 7.4 1.5 5.9 1.98 2.11
e 17
B -1.5 -0.1 -5.4 -5.3 1.98 2.11
B -3.5 -0.1 -4 0.5 1.98 2.11
e 25
B -3.5 -1.5 -5.4 -4 1.98 2.11
e 9
B -7.4 -3.5 -5.4 0.5 1.98 2.11
e 13
B -7.4 -3.5 0.5 3 1.98 2.11
B -0.5 -0.1 0.5 3 1.98 2.11
e 45
B 7.3 7.4 0.2 1.5 1.98 2.11
e 17
B -3.5 -0.1 3 5.9 1.98 2.11
e 5
B -0.1 6 1.5 5.9 1.98 2.11
e 9
B -6 -3.5 4.5 5.8 1.98 2.11
e 45
B -0.2 -0.1 -5.3 -4 1.98 2.11
e 17
B -7.3 -3.5 5.8 5.9 1.98 2.11
e 21
B -7.3 -3.5 3 4.5 1.98 2.11
e 5
B -7.4 -7.3 3 5.9 1.98 2.11
e 1
B 6 7.4 0.1 0.2 1.98 2.11
e 9
B -0.1 6 0.1 1.5 1.98 2.11
l 0.7 0.58 0.42 0.3 1 plaster.png
y 7.5
e 5
B -0.1 6 1.5 5.9 1.38 1.51
e 9
B -0.1 6 0.1 1.5 1.38 1.51
e 1
B 6 7.4 1.5 5.9 1.38 1.51
e 5
B -7.4 -7.3 2.8 5.9 1.38 1.51
e 21
B -7.3 -3.3 2.8 4.5 1.38 1.51
e 57
B -3.39 -3.3 5.85 5.9 1.38 1.51
e 37
B -7.4 -6 -4 4.5 0.18 0.31
e 1
B -7.4 -7.3 4.5 5.9 0.18 0.31
e 49
B -7.3 -6 5.8 5.9 0.18 0.31
e 13
B -6 -1.5 -4 4.5 0.18 0.31
e 37
B -7.4 -6 -4 4.5 0.78 0.91
e 1
B -7.4 -7.3 4.5 5.9 0.78 0.91
e 33
B -0.1 3.1 3.2 5.9 0.18 0.31
e 49
B -7.3 -6 5.8 5.9 0.78 0.91
e 13
B -6 -1.5 -4 4.5 0.78 0.91
e 1
B 6 7.4 0.1 0.2 0.78 0.91
e 5
B -0.1 6 1.5 5.9 0.78 0.91
e 9
B 3.1 6 0.1 3.2 0.18 0.31
e 1
B 6 7.4 0.1 0.2 0.18 0.31
e 9
B 6 7.4 1.5 3.2 0.18 0.31
B -0.1 6 0.1 1.5 0.78 0.91
B -6 -3.39 4.5 5.8 1.38 1.51
e 17
B -3.3 -0.1 2.8 5 1.38 1.51
e 25
B -3.3 -0.1 5.85 5.9 1.38 1.51
e 1
B -6 -3.39 4.5 5.9 0.18 0.31
e 17
B -3.39 -1.5 4.5 5 0.18 0.31
e 25
B -3.39 -1.5 5.85 5.9 0.18 0.31
e 1
B -6 -3.39 4.5 5.9 0.78 0.91
e 17
B -3.39 -1.5 4.5 5 0.78 0.91
e 25
B -3.39 -1.5 5.85 5.9 0.78 0.91
e 13
B -2.61 -0.1 5 5.85 1.38 1.51
e 17
B -7.3 -3.39 5.8 5.9 1.38 1.51
e 9
B -7.4 -1.5 -5.4 -4 0.78 0.91
e 13
B -7.4 -3.3 0.7 2.8 1.38 1.51
e 45
B 7.3 7.4 0.2 1.5 1.38 1.51
e 13
B -0.7 -0.1 0.7 2.8 1.38 1.51
e 45
B 7.3 7.4 0.2 1.5 0.78 0.91
B -0.2 -0.1 -5.3 -4 0.78 0.91
e 5
B 3.1 7.4 3.2 5.9 0.18 0.31
e 45
B -0.2 -0.1 -5.3 -4 0.18 0.31
e 9
B -7.4 -1.5 -5.4 -4 0.18 0.31
e 13
B -2.61 -1.5 5 5.85 0.18 0.31
e 17
B -1.5 -0.1 -5.4 -5.3 0.18 0.31
B -1.5 -0.1 -4 5.9 0.18 0.31
e 1
B 6 7.4 1.5 5.9 0.78 0.91
e 13
B -2.61 -1.5 5 5.85 0.78 0.91
e 17
B -1.5 -0.1 -5.4 -5.3 0.78 0.91
B -1.5 -0.1 -4 5.9 0.78 0.91
e 45
B -0.2 -0.1 -5.3 -4 1.38 1.51
e 49
B -3.39 -3.3 4.5 5 1.38 1.51
e 1
B -7.4 -3.3 -5.4 0.7 1.38 1.51
e 45
B 7.3 7.4 0.2 1.5 0.18 0.31
e 49
B 0.4 3.1 0.1 0.5 0.18 0.31
e 25
B -3.3 -1.5 -5.4 -4 1.38 1.51
e 17
B -3.3 -0.1 -4 0.7 1.38 1.51
B -1.5 -0.1 -5.4 -5.3 1.38 1.51
e 9
B -0.1 0.4 0.1 3.2 0.18 0.31
e 1
B 6 7.4 0.1 0.2 1.38 1.51
l 0.5 0.6 0.1 0.1 1 plaster.png
y 20
X none
C 0.2 -0.2 -0.29 0.2 -0.2 -0.2 0.06 0.08
l 0.8 0.6 0.6 1 1 plaster.png
y 6
B 3.6 6.4 -4.98 -3.44 -0.29 -0.27
l 0.7 0.7 0.7 0.7 1 plaster.png
y 2.5
X normal_maps/dirt_normal.jpg 1 1
B 7.3 7.5 5.8 6 -0.69 2.21
B -4.35 -4.15 2.8 3 -0.69 2.21
B -7.5 -7.3 2.8 3 -0.29 2.21
B 3.4 3.6 2.8 3 -0.69 2.21
B -0.2 0 5.8 6 -0.69 2.21
B -4.35 -4.15 0 0.2 -0.69 2.21
B -0.2 0 0 0.2 -0.69 2.21
B -7.5 -7.3 5.8 6 -0.29 2.21
B 7.3 7.5 2.8 3 -0.69 2.21
B -4.35 -4.15 -5.5 -5.3 -0.29 2.21
B -4.35 -4.15 -2.5 -2.3 -0.29 2.21
B -0.2 0 2.8 3 -0.69 2.21
B 7.3 7.5 0 0.2 -0.69 2.21
B 3.4 3.6 5.8 6 -0.69 2.21
B -0.2 0 -5.5 -5.3 -0.29 2.21
B -7.5 -7.3 -2.5 -2.3 -0.29 2.21
B -7.5 -7.3 -5.5 -5.3 -0.29 2.21
B -7.5 -7.3 0 0.2 -0.69 2.21
B -4.35 -4.15 5.8 6 -0.69 2.21
B -0.2 0 -2.5 -2.3 -0.29 2.21
B 3.4 3.6 0 0.2 -0.69 2.21
l 0.6 0.9 0.9 0.9 1 plaster.png
y 5
e 0
B -3.35 -2.65 5 5.8 1.93 2.14
e 48
B -3.2 -2.8 5 5.05 1.31 1.51
B -3.2 -2.8 5 5.05 0.71 0.91
e 1
B -3.39 -3.35 5 5.94 -0.69 1.96
e 19
B -3.35 -3.2 5 5.05 -0.69 1.96
e 1
B -2.65 -2.61 5 5.94 -0.69 1.96
B -3.35 -2.65 5.8 5.94 -0.69 1.96
e 35
B -2.8 -2.65 5 5.05 -0.69 1.96
e 48
B -3.2 -2.8 5 5.05 -0.39 -0.29
B -3.2 -2.8 5 5.05 0.11 0.31
e 50
B -5.9 -5.6 4.45 4.5 1.86 1.96
e 3
B -7.4 -5.9 4.45 4.5 1.51 1.96
B -5.6 5.7 3.85 3.9 1.51 1.96
e 2
B 5.7 7.4 4.45 4.5 1.86 1.96
e 3
B -5.6 5.7 4.45 4.5 1.51 1.96
B 6 7.4 3.85 3.9 1.51 1.86
e 50
B -5.9 -5.6 3.85 3.9 1.86 1.96
e 3
B -7.4 -5.9 3.85 3.9 1.51 1.96
e 2
B 5.7 7.4 3.85 3.9 1.86 1.96
e 3
B 6 7.4 4.45 4.5 1.51 1.86
e 2
a 0
B 3.45 3.55 4.3 4.8 0.11 0.16
B -0.15 -0.05 1.5 2 0.11 0.16
B -0.15 -0.05 4.3 4.8 0.11 0.16
e 3
B -0.15 -0.05 0.2 1.5 -0.28 0.16
B 3.45 3.55 0.2 1.5 -0.28 0.16
B 3.45 3.55 2 4.3 -0.28 0.16
B -0.15 -0.05 2 4.3 -0.28 0.16
B 3.45 3.55 4.8 5.8 -0.28 0.16
e 2
B 3.45 3.55 1.5 2 0.11 0.16
e 3
B -0.15 -0.05 4.8 5.8 -0.28 0.16
l 0.7 0.9 0.9 0.9 1 plaster.png
y 2.5
e 1
B -1.3 -1.2 -4.3 -4.2 -0.276 0.81
B -0.5 -0.4 -4.3 -4.2 -0.276 1.71
B -0.5 -0.4 -5.1 -5 -0.276 1.41
e 3
B -1.59 -1.51 -3.99 -3.91 -0.29 1.96
B -0.19 -0.11 -3.99 -3.91 -0.29 1.96
B -0.19 -0.11 -5.39 -5.31 -0.29 1.96
e 1
B -1.3 -1.2 -5.1 -5 -0.276 1.11
e 3
B -7.1 -7 4.7 4.8 -0.276 1.11
B -7.39 -7.31 5.81 5.89 -0.29 1.96
e 1
B 7 7.1 0.4 0.5 -0.276 1.41
e 0
B -7.11 -7 4.69 4.8 1.11 2.31
B -7.11 -7 5.5 5.61 0.81 2.01
e 3
B -7.39 -7.31 4.41 4.49 -0.29 1.96
B -5.99 -5.91 4.41 4.49 -0.29 1.96
B 5.91 5.99 0.11 0.19 -0.29 1.96
e 1
B 7 7.1 1.2 1.3 -0.276 1.71
e 3
B -1.59 -1.51 -5.39 -5.31 -0.29 1.96
B 7.31 7.39 1.51 1.59 -0.29 1.96
B 7.31 7.39 0.11 0.19 -0.29 1.96
e 1
B 6.2 6.3 1.2 1.3 -0.276 0.81
e 3
B 5.91 5.99 1.51 1.59 -0.29 1.96
B -7.1 -7 5.5 5.6 -0.276 0.81
B -5.99 -5.91 5.81 5.89 -0.29 1.96
e 1
B -6.3 -6.2 5.5 5.6 -0.276 1.71
B -6.3 -6.2 4.7 4.8 -0.276 1.41
B 6.2 6.3 0.4 0.5 -0.276 1.11
l 0.8 0.3 0.5 0.6 1 tile.png
r 1.0 50 0.5 0.5 0.5
y 1.6
X normal_maps/tile_NRM.jpg 1 1
e 9
B -6 -0.1 -5.4 4.5 -0.29 -0.276
B -0.1 5.2 0.1 3.35 -0.29 -0.276
e 17
B -3.39 -0.1 4.5 5 -0.29 -0.276
e 5
B -0.1 5.2 3.35 5.9 -0.29 -0.276
e 17
B 5.2 7.4 0.1 3.05 -0.29 -0.276
B 5.2 7.4 3.35 5.9 -0.29 -0.276
e 13
B -2.61 -0.1 5 5.85 -0.29 -0.276
e 1
B -6 -3.39 4.5 5.9 -0.29 -0.276
e 25
B -3.39 -0.1 5.85 5.9 -0.29 -0.276
e 13
B 6.5 7.4 3.05 3.35 -0.29 -0.276
e 33
B -7.4 -6 -5.4 4.5 -0.29 -0.276
e 1
B -7.4 -6.2 4.5 5.9 -0.29 -0.276
e 49
B -6.2 -6 5.8 5.9 -0.29 -0.276
l 0.8 0.7 0.7 0.7 1 tile.png
r 1.0 35 0.5 0.5 0.5
y 5
e 1
a 1
B 3.54 4.64 -5.3 -5 -0.29 -0.27
B 3.58 6.42 -5 -4.98 -0.29 -0.21
B 3.58 3.6 -5 -3.42 -0.29 -0.21
B 6.4 6.42 -5 -3.42 -0.29 -0.21
B 3.58 6.42 -3.44 -3.42 -0.29 -0.21
B 3.58 4.6 -5.2 -4.86 -0.27 -0.25
B 5.36 6.46 -5.3 -5 -0.29 -0.27
B 5.4 6.42 -5.2 -4.86 -0.27 -0.25
e 9
B 3.62 4.56 -5.1 -5 -0.25 -0.23
B 5.44 6.38 -5.1 -5 -0.25 -0.23
e 5
B 3.6 4.56 -4.98 -4.92 -0.25 -0.23
B 5.44 6.4 -4.98 -4.92 -0.25 -0.23
e 1
B 3.54 4.64 -3.44 -3.1 -0.29 -0.27
B 5.36 6.46 -3.44 -3.1 -0.29 -0.27
B 3.58 4.6 -3.56 -3.2 -0.27 -0.25
B 5.4 6.42 -3.56 -3.2 -0.27 -0.25
e 5
B 3.62 4.56 -3.42 -3.3 -0.25 -0.23
e 9
B 3.6 4.56 -3.5 -3.44 -0.25 -0.23
e 5
B 5.44 6.38 -3.42 -3.3 -0.25 -0.23
e 9
B 5.44 6.4 -3.5 -3.44 -0.25 -0.23
l 0.1 1 1 1 1 CommandCAD.png
r 1.0 1 0 0 0
y 1
X none
e 8
B 1 2 0.045 0.05 0.26 0.385
B 5 6 0.045 0.05 0.26 0.385
l 0.6 1 1 1 1 bcube_tactical.jpg
density 4
y 0
metalness 1
X normal_maps/bcube_tactical_NRM.jpg 1 1
e 0
movable 1
a 2
B -5.33 -5.23 3.37 3.47 -0.69 -0.59
B -5.18 -5.08 3.42 3.52 -0.69 -0.59
B -4.75 -4.65 3.11 3.21 -0.69 -0.59
B 7.6 7.7 5.3 5.4 -0.69 -0.59
B -4 -3.9 1.9 2 -0.69 -0.59
B -7.5 -7.4 1.9 2 -0.69 -0.59
B -7.45 -7.38 1.92 1.99 -0.59 -0.52
B -5 -4.9 3.2 3.3 -0.69 -0.59
B -5.01 -4.91 3.17 3.27 -0.59 -0.49
y 16
metalness 0
X none
P 4 -5.56 3.23 -0.69 -5.56 3.23 -0.62 -5.518 3.286 -0.62 -5.518 3.286 -0.69 0.07
l 0.9 0.6 0.6 0.6 1 cblock2.jpg
density 1
y 8
X normal_maps/cblock2_NRM.jpg 1 1
e 6
movable 0
a 1
B -0.1 -0.05 -1.7 -1.25 1.86 1.91
e 0
B 0 1.4 0.05 0.1 1.31 1.61
e 48
B 1.4 1.7 0.05 0.1 1.31 1.51
e 3
B 1 1.4 0.05 0.1 1.61 1.91
e 18
B 1.4 2 0.05 0.1 1.86 1.91
e 0
B -7.45 -7.4 -5.3 5.8 0.71 1.01
B -7.3 -0.2 -5.45 -5.4 1.31 1.61
e 1
B -0.1 -0.05 -1.4 0 1.51 1.61
e 0
B 1.7 7.3 0.05 0.1 1.31 1.61
B 7.4 7.45 0.2 5.8 1.31 1.61
B -7.3 7.3 5.9 5.95 1.31 1.61
B 1 2 0.05 0.1 0.14 0.41
B -7.45 -7.4 -5.3 5.8 1.31 1.61
B -7.3 -0.2 -5.45 -5.4 1.91 2.31
B -0.1 -0.05 -5.3 0 1.91 2.31
B 0 7.3 0.05 0.1 1.91 2.31
B 7.4 7.45 0.2 5.8 1.91 2.31
B -7.3 7.3 5.9 5.95 1.91 2.31
B -7.45 -7.4 -5.3 5.8 1.91 2.31
e 3
B 5.6 5.9 5.9 5.95 -0.19 0.06
B -3.65 -3.4 5.9 5.95 -0.19 0.06
B -6.3 -6.2 -5.45 -5.4 -0.19 1.91
B -5.35 -5.25 -5.45 -5.4 -0.19 1.91
e 0
B -7.3 7.3 5.9 5.95 0.71 1.01
e 3
B -2.85 -2.75 -5.45 -5.4 -0.19 1.91
B -1.6 -1.5 -5.45 -5.4 -0.19 1.91
B -0.1 -0.05 -4 -3.9 -0.19 1.91
B -0.1 -0.05 -1.25 -1.15 -0.19 1.91
B 0.9 1 0.05 0.1 -0.19 1.91
B 2 2.1 0.05 0.1 -0.19 1.91
B 4.9 5 0.05 0.1 -0.19 1.91
B 5.9 6 0.05 0.1 -0.19 1.91
B 7.4 7.45 1.5 1.6 -0.19 1.91
B 7.4 7.45 4.4 4.5 -0.19 1.91
B -6 -5.9 5.9 5.95 -0.19 1.91
B -3.4 -2.6 5.9 5.95 -0.19 1.91
B -1.6 -1.5 5.9 5.95 -0.19 1.91
B 0.9 1 5.9 5.95 -0.19 1.91
B 2 2.1 5.9 5.95 -0.19 1.91
B 4.9 5 5.9 5.95 -0.19 1.91
B 5.9 6 5.9 5.95 -0.19 1.91
B -7.45 -7.4 -4 -3.9 -0.19 1.91
B -7.45 -7.4 -1.25 -1.15 -0.19 1.91
e 0
B 7.4 7.45 0.2 5.8 0.71 1.01
B 0 7.3 0.05 0.1 0.71 1.01
B -0.1 -0.05 -5.3 0 0.71 1.01
B -7.3 -0.2 -5.45 -5.4 0.71 1.01
B -7.45 -7.4 -5.3 5.8 0.11 0.41
B -7.3 7.3 5.9 5.95 0.11 0.41
B 7.4 7.45 0.2 5.8 0.11 0.41
e 3
B 1.48 1.52 0.05 0.1 -0.29 0.14
B -7.45 -7.4 1.5 1.6 -0.19 1.91
e 0
B 2 7.3 0.05 0.1 0.11 0.41
B 0 1 0.05 0.1 0.11 0.41
B -0.1 -0.05 -5.3 0 0.11 0.41
B -7.3 -0.2 -5.45 -5.4 0.11 0.41
B -7.45 -7.4 -5.3 5.8 -0.29 -0.19
e 3
B -7.45 -7.4 4.4 4.5 -0.19 1.91
e 0
B 7.4 7.45 0.2 5.8 -0.29 -0.19
e 1
B 5.5 7.3 0.05 0.1 -0.29 -0.19
B 2 5 0.05 0.1 -0.29 -0.19
B 0 1 0.05 0.1 -0.29 -0.19
e 0
B -0.1 -0.05 -3 0 -0.29 -0.19
e 1
B -0.1 -0.05 -5.3 -3.5 -0.29 -0.19
e 0
B -7.3 -0.2 -5.45 -5.4 -0.29 -0.19
e 3
B -0.1 -0.05 -3.5 -3.45 -0.29 0.11
B -0.1 -0.05 -3.05 -3 -0.29 0.11
B 5.45 5.5 0.05 0.1 -0.29 0.11
e 0
B -3.65 5.3 5.9 5.95 -0.29 -0.19
e 3
B 5 5.3 5.9 5.95 -0.19 0.11
e 18
B 5.3 5.9 5.9 5.95 0.06 0.11
e 3
B -4.15 -3.95 5.9 5.95 -0.19 0.11
e 18
B -3.95 -3.4 5.9 5.95 0.06 0.11
e 0
B -7.3 -3.95 5.9 5.95 -0.29 -0.19
e 11
B -0.1 -0.05 -1.4 -1.25 1.61 1.86
e 3
B 1.7 2 0.05 0.1 1.61 1.86
e 0
B -0.1 -0.05 -5.3 -1.7 1.31 1.61
e 4
B -0.1 -0.05 -1.7 0 1.31 1.51
e 3
B -0.1 -0.05 -2.4 -1.7 1.61 1.91
e 1
B 5.6 7.3 5.9 5.95 -0.29 -0.19
l 0.9 0.8 0.5 0.5 1 brickwork.jpg
density 2
X normal_maps/brickwork_normal.jpg 1 0
e 0
movable 1
B 8.05 8.15 5.05 5.15 -0.27 -0.19
B 7.4 7.5 4.2 4.3 -0.69 -0.59
l 0.8 1 1 1 1 bricks_tan.png
r 1.0 32 0.2 0.2 0.2
density 1.9
y 0
X normal_maps/bricks_tan_norm.png 1 0
a 0
S 1.30777 -3.30212 -0.239933 0.05
S 1.4091 -3.4407 0.333656 0.05
S 1.38732 -3.28669 0.408596 0.05
S 1.36792 -3.32065 0.23301 0.05
S 1.44532 -3.24274 0.508748 0.05
S 1.15431 -3.49192 0.272997 0.05
S 1.38732 -3.28669 0.408596 0.05
S 1.36792 -3.32065 0.23301 0.05
S 1.44532 -3.24274 0.508748 0.05
S 1.15431 -3.49192 0.272997 0.05
S 1.38732 -3.28669 0.408596 0.05
S 1.36792 -3.32065 0.23301 0.05
S 1.44532 -3.24274 0.508748 0.05
S 1.15431 -3.49192 0.272997 0.05
S 1.38732 -3.28669 0.408596 0.05
S 1.36792 -3.32065 0.23301 0.05
S 1.44532 -3.24274 0.508748 0.05
S 1.15431 -3.49192 0.272997 0.05
S 1.38732 -3.28669 0.408596 0.05
S 1.36792 -3.32065 0.23301 0.05
S 1.11217 -3.40314 0.184999 0.05
S 1.03928 -3.40388 -0.109357 0.05
S 1.02444 -3.42555 -0.239986 0.05
S 1.38772 -3.06018 0.338235 0.05
S 1.12656 -3.32912 -0.239959 0.05
S 1.19297 -3.3941 0.488338 0.05
S 1.11518 -3.36237 0.373833 0.05
S 0.96066 -3.15546 -0.23996 0.05
S 1.20929 -3.27022 -0.239829 0.05
S 1.00513 -3.03111 0.224876 0.05
S 1.08769 -3.05694 0.122251 0.05
S 1.18615 -3.13506 -0.241302 0.05
S 1.17126 -3.38422 -0.169454 0.05
S 1.2975 -3.44088 -0.23999 0.05
S 1.34236 -3.36751 -0.0632236 0.05
S 1.09069 -3.28238 0.418154 0.05
S 1.28167 -3.33587 0.458513 0.05
S 1.07492 -3.09301 0.0106129 0.05
S 1.18337 -3.31388 0.429363 0.05
S 1.10057 -3.24708 0.511225 0.05
S 1.14039 -3.16189 0.476753 0.05
S 1.1125 -2.9522 0.235385 0.05
S 1.16095 -2.98295 0.153492 0.05
S 1.18986 -2.94848 0.370614 0.05
S 1.24767 -3.0656 0.278276 0.05
S 1.21175 -3.3877 0.368162 0.05
S 1.16541 -3.08809 0.255092 0.05
S 1.19348 -3.49344 -0.239978 0.05
S 1.0207 -3.38079 0.253101 0.05
S 1.16839 -3.47776 0.370982 0.05
S 1.05446 -3.20471 0.250119 0.05
S 1.40612 -3.28545 -0.246977 0.05
S 1.39638 -3.10852 0.425342 0.05
S 0.998138 -3.24724 0.320964 0.05
S 1.10397 -3.1654 -0.0574213 0.05
S 1.18609 -3.27653 -0.00789077 0.05
S 1.09884 -3.18571 0.393914 0.05
S 1.09884 -3.18571 0.393914 0.05
S 1.30718 -3.35803 0.364395 0.05
S 1.08046 -3.19249 0.0359249 0.05
S 1.0301 -3.15361 0.335518 0.05
S 0.993448 -3.10118 0.436302 0.05
S 1.17856 -3.29227 0.338784 0.05
S 1.03925 -3.13116 0.1841 0.05
S 1.2059 -2.97293 0.258273 0.05
S 1.28203 -3.37057 0.186331 0.05
S 1.2309 -3.33096 0.110062 0.05
S 1.25084 -3.53295 0.192645 0.05
S 0.995878 -3.20925 0.228572 0.05
S 1.04445 -3.31155 0.086117 0.05
S 1.08903 -3.28682 0.307884 0.05
S 1.4754 -3.11103 0.165573 0.05
S 1.26315 -3.13412 0.131108 0.05
S 1.24242 -3.45871 -0.0420333 0.05
S 1.25047 -3.39738 0.0379112 0.05
S 1.2405 -3.14601 0.221492 0.05
S 1.20269 -3.15755 -0.0712847 0.05
S 1.26062 -3.03177 -0.0662305 0.05
S 1.15925 -3.04521 0.0531752 0.05
S 1.18726 -3.22861 0.202946 0.05
S 1.2931 -3.26137 0.385834 0.05
S 1.13345 -3.26696 0.0765968 0.05
S 1.18144 -3.01525 -0.125036 0.05
S 1.16957 -3.36944 -0.0471296 0.05
S 1.08741 -3.08599 0.405648 0.05
S 1.02123 -3.0283 0.344808 0.05
S 1.24264 -3.23077 0.292833 0.05
S 1.1248 -3.39654 0.278645 0.05
S 1.1248 -3.39654 0.278645 0.05
S 1.17717 -3.13909 0.0236249 0.05
S 1.27831 -3.32397 0.274724 0.05
S 1.14615 -3.31151 0.165033 0.05
S 1.42822 -3.03636 0.116141 0.05
S 1.20397 -3.19956 0.0986246 0.05
S 1.39712 -3.19891 0.232172 0.05
S 1.28244 -3.09298 0.363932 0.05
S 1.14499 -3.02427 0.323259 0.05
S 1.35455 -3.1853 -0.044855 0.05
S 1.34364 -3.11521 0.19636 0.05
S 1.17806 -3.31904 0.244623 0.05
S 1.50448 -3.0812 0.258391 0.05
S 1.41921 -3.13266 0.267418 0.05
S 1.06092 -3.09547 0.282255 0.05
S 1.12911 -3.16483 0.15572 0.05
S 1.2282 -3.07654 0.267606 0.05
S 1.2282 -3.07654 0.267606 0.05
S 1.2282 -3.07654 0.267606 0.05
S 1.2282 -3.07654 0.267606 0.05
S 1.37526 -3.02955 0.030901 0.05
S 1.20038 -3.45015 0.187658 0.05
S 1.37051 -3.17064 0.35113 0.05
S 1.22267 -3.47569 0.0935813 0.05
S 1.34078 -3.24932 0.297629 0.05
S 1.14654 -3.18207 0.28188 0.05
S 1.1351 -3.07164 0.244354 0.05
S 1.25543 -3.46793 0.300707 0.05
S 1.28794 -3.1786 -0.119138 0.05
S 1.25504 -3.20473 -0.000336905 0.05
S 1.27908 -3.30455 0.0140952 0.05
S 1.0729 -3.43502 -0.0203319 0.05
S 1.13343 -3.37154 0.0463107 0.05
S 1.35002 -3.48638 0.129205 0.05
S 1.24628 -3.53773 -0.167512 0.05
S 1.31371 -3.4564 0.381142 0.05
S 1.1945 -3.21153 -0.160225 0.05
S 1.15976 -3.1101 -0.148131 0.05
S 1.42307 -3.4251 0.162121 0.05
S 1.44307 -3.38432 -0.239835 0.05
S 1.4735 -3.26893 -0.0689935 0.05
S 1.51418 -3.32173 0.232251 0.05
S 1.45606 -3.19216 0.398242 0.05
S 1.53166 -3.1908 0.143685 0.05
S 1.30169 -3.20561 -0.214435 0.05
S 1.09642 -3.26555 -0.0675555 0.05
S 1.24919 -3.38242 -0.10657 0.05
S 1.09172 -3.32712 -0.146213 0.05
S 1.27276 -3.04585 0.18351 0.05
S 1.30227 -2.94855 0.247403 0.05
S 1.39025 -2.91409 0.0518215 0.05
S 1.04996 -2.98915 -0.239914 0.05
S 1.14036 -2.93908 -0.239924 0.05
S 1.09459 -2.99684 -0.0790149 0.05
S 1.24432 -3.00252 0.0925598 0.05
S 1.21494 -2.97392 0.00135067 0.05
S 1.34427 -3.03329 0.252273 0.05
S 1.06195 -3.13087 -0.239879 0.05
S 1.28942 -2.91364 0.0809803 0.05
S 1.29227 -3.0815 0.0512147 0.05
S 1.23852 -2.92386 0.172906 0.05
S 1.39459 -2.93748 -0.0453115 0.05
S 1.41412 -2.96228 -0.239953 0.05
S 1.45273 -2.98013 0.19512 0.05
S 1.3764 -3.25885 0.154854 0.05
S 1.36056 -3.02875 -0.0680085 0.05
S 1.50938 -3.15427 -0.0299617 0.05
S 1.47149 -3.18154 -0.118393 0.05
S 1.41739 -3.25898 -0.151205 0.05
S 1.31819 -3.11205 -0.245626 0.05
S 1.40023 -3.11539 -0.095025 0.05
S 1.31361 -3.27234 -0.0740542 0.05
S 1.15398 -3.07174 -0.047018 0.05
S 1.49059 -3.006 0.0440876 0.05
S 1.57179 -3.22369 -0.239998 0.05
S 1.51546 -3.10238 0.0654092 0.05
S 1.45526 -3.0658 -0.0278488 0.05
S 1.42999 -3.14204 0.0318053 0.05
S 1.52051 -3.3068 0.083549 0.05
S 1.34528 -3.42731 0.0486571 0.05
S 1.37487 -3.2648 0.012305 0.05
S 1.54378 -3.20926 0.0461547 0.05
S 1.45124 -3.23533 0.0739303 0.05
S 1.33919 -3.34586 0.106975 0.05
S 1.41245 -3.35606 0.0283793 0.05
S 1.3087 -3.46027 0.216442 0.05
S 1.28972 -3.251 0.0979652 0.05
S 1.43661 -3.25076 0.319577 0.05
S 1.39832 -3.16271 0.128322 0.05
S 1.34821 -3.50156 0.282782 0.05
S 1.39427 -3.34312 0.317563 0.05
S 1.35378 -2.99038 0.164565 0.05
S 1.33422 -3.17389 0.0523896 0.05
S 1.21823 -3.28758 -0.0997809 0.05
S 1.45165 -3.32471 0.154215 0.05
S 1.39032 -3.31256 0.238068 0.05
S 1.28635 -3.24087 0.197479 0.05
S 1.36776 -3.36874 0.223478 0.05
S 1.30471 -3.13099 0.287113 0.05
S 1.43733 -3.34685 0.291898 0.05
S 1.4961 -3.21259 0.236299 0.05
S 1.05983 -3.29767 0.213589 0.05
l 0.8 1 1 1 1 brickwork.jpg
X normal_maps/brickwork_normal.jpg 1 0
S 1.28966 -3.30073 0.569999 0.05
S 1.28966 -3.30073 0.569999 0.05
S 1.28966 -3.30073 0.569999 0.05
S 1.28966 -3.30073 0.569999 0.05
S 1.28966 -3.30073 0.569999 0.05
S 1.21581 -3.32868 0.620539 0.05
S 1.21581 -3.32868 0.620539 0.05
S 1.28966 -3.30073 0.569999 0.05
S 1.28966 -3.30073 0.569999 0.05
S 1.28966 -3.30073 0.569999 0.05
S 1.28966 -3.30073 0.569999 0.05
S 1.28966 -3.30073 0.569999 0.05
S 1.28966 -3.30073 0.569999 0.05
S 1.28966 -3.30073 0.569999 0.05
S 1.28966 -3.30073 0.569999 0.05
S 1.28966 -3.30073 0.569999 0.05
S 1.28966 -3.30073 0.569999 0.05
S 1.28966 -3.30073 0.569999 0.05
S 1.28966 -3.30073 0.569999 0.05
S 1.28966 -3.30073 0.569999 0.05
S 1.28966 -3.30073 0.569999 0.05
S 1.28966 -3.30073 0.569999 0.05
S 1.28966 -3.30073 0.569999 0.05
S 1.28966 -3.30073 0.569999 0.05
S 1.28966 -3.30073 0.569999 0.05
S 1.28966 -3.30073 0.569999 0.05
S 1.28966 -3.30073 0.569999 0.05
S 1.28966 -3.30073 0.569999 0.05
S 1.28966 -3.30073 0.569999 0.05
S 1.28966 -3.30073 0.569999 0.05
S 1.28966 -3.30073 0.569999 0.05
S 1.28966 -3.30073 0.569999 0.05
S 1.28966 -3.30073 0.569999 0.05
S 1.28966 -3.30073 0.569999 0.05
S 1.28966 -3.30073 0.569999 0.05
S 1.28966 -3.30073 0.569999 0.05
S 1.28966 -3.30073 0.569999 0.05
S 1.28966 -3.30073 0.569999 0.05
S 1.28966 -3.30073 0.569999 0.05
S 1.28966 -3.30073 0.569999 0.05
S 1.28966 -3.30073 0.569999 0.05
S 1.28966 -3.30073 0.569999 0.05
S 1.28966 -3.30073 0.569999 0.05
S 1.28966 -3.30073 0.569999 0.05
S 1.28966 -3.30073 0.569999 0.05
S 1.28966 -3.30073 0.569999 0.05
S 1.28966 -3.30073 0.569999 0.05
S 1.28966 -3.30073 0.569999 0.05
S 1.28966 -3.30073 0.569999 0.05
S 1.28966 -3.30073 0.569999 0.05
S 1.28966 -3.30073 0.569999 0.05
S 1.28966 -3.30073 0.569999 0.05
S 1.28966 -3.30073 0.569999 0.05
S 1.28966 -3.30073 0.569999 0.05
S 1.28966 -3.30073 0.569999 0.05
S 1.15075 -3.25483 0.602867 0.05
S 1.3445 -3.15963 0.620327 0.05
S 1.3445 -3.15963 0.620327 0.05
S 1.3445 -3.15963 0.620327 0.05
S 1.3445 -3.15963 0.620327 0.05
S 1.3445 -3.15963 0.620327 0.05
S 1.3445 -3.15963 0.620327 0.05
S 1.3445 -3.15963 0.620327 0.05
S 1.3445 -3.15963 0.620327 0.05
S 1.3445 -3.15963 0.620327 0.05
S 1.3445 -3.15963 0.620327 0.05
S 1.3445 -3.15963 0.620327 0.05
S 1.3445 -3.15963 0.620327 0.05
S 1.3445 -3.15963 0.620327 0.05
S 1.3445 -3.15963 0.620327 0.05
S 1.3445 -3.15963 0.620327 0.05
S 1.3445 -3.15963 0.620327 0.05
S 1.3445 -3.15963 0.620327 0.05
S 1.20148 -3.28043 0.520583 0.05
S 1.35201 -3.32417 0.635794 0.05
S 1.36861 -3.3572 0.503084 0.05
S 1.4294 -3.21888 0.604547 0.05
S 1.29361 -3.00455 0.346811 0.05
S 1.42904 -3.10627 0.602226 0.05
S 1.4154 -3.17792 0.514609 0.05
S 1.3451 -3.19985 0.446956 0.05
S 1.42627 -3.05282 0.504263 0.05
S 1.26145 -3.23696 0.653274 0.05
S 1.18486 -3.11107 0.351633 0.05
S 1.04808 -3.15099 0.513637 0.05
S 1.29837 -3.15945 0.710342 0.05
S 1.36666 -2.98775 0.413006 0.05
S 1.31098 -3.21527 0.544299 0.05
S 1.36065 -3.23621 0.682574 0.05
S 1.17434 -3.05062 0.440186 0.05
S 1.17871 -3.1133 0.741769 0.05
S 1.19077 -3.17257 0.56247 0.05
S 1.17654 -3.18957 0.676614 0.05
S 1.41035 -3.13874 0.719548 0.05
S 1.37352 -3.25901 0.52241 0.05
S 1.26827 -3.06491 0.726866 0.05
S 1.19625 -2.85141 0.525735 0.05
S 1.34179 -3.04904 0.572632 0.05
S 1.27384 -2.9739 0.455417 0.05
S 1.38386 -3.14329 0.521055 0.05
S 1.1118 -3.11933 0.647039 0.05
S 1.19333 -3.05641 0.660839 0.05
S 1.35154 -3.07331 0.67195 0.05
S 1.2825 -3.00484 0.640313 0.05
S 1.2856 -3.20247 0.551863 0.05
S 1.44875 -2.94686 0.453023 0.05
S 1.27917 -2.90521 0.382932 0.05
S 1.22874 -3.09346 0.510721 0.05
S 1.20062 -3.02176 0.563688 0.05
S 1.30532 -3.06881 0.455324 0.05
S 1.30532 -3.06881 0.455324 0.05
S 1.08482 -3.03585 0.48222 0.05
S 1.26846 -2.94868 0.552461 0.05
S 1.26846 -2.94868 0.552461 0.05
S 1.173 -2.95978 0.481957 0.05
S 1.27348 -2.84434 0.462608 0.05
S 1.37071 -2.95475 0.556151 0.05
S 1.26846 -2.94868 0.552461 0.05
S 1.08035 -3.00936 0.578605 0.05
S 1.26846 -2.94868 0.552461 0.05
S 1.26846 -2.94868 0.552461 0.05
S 1.26846 -2.94868 0.552461 0.05
S 1.26846 -2.94868 0.552461 0.05
S 1.35069 -2.90741 0.470367 0.05
S 1.15084 -2.93834 0.587436 0.05
S 1.15084 -2.93834 0.587436 0.05
S 1.15084 -2.93834 0.587436 0.05
S 1.15084 -2.93834 0.587436 0.05
S 1.15084 -2.93834 0.587436 0.05
S 1.15084 -2.93834 0.587436 0.05
S 1.15084 -2.93834 0.587436 0.05
S 1.15084 -2.93834 0.587436 0.05
S 1.15084 -2.93834 0.587436 0.05
S 1.15084 -2.93834 0.587436 0.05
S 1.15084 -2.93834 0.587436 0.05
S 1.15084 -2.93834 0.587436 0.05
S 1.15084 -2.93834 0.587436 0.05
S 1.15084 -2.93834 0.587436 0.05
S 1.15084 -2.93834 0.587436 0.05
S 1.15084 -2.93834 0.587436 0.05
S 1.15084 -2.93834 0.587436 0.05
S 1.15084 -2.93834 0.587436 0.05
S 1.15084 -2.93834 0.587436 0.05
S 1.15084 -2.93834 0.587436 0.05
S 1.15084 -2.93834 0.587436 0.05
S 1.15084 -2.93834 0.587436 0.05
S 1.15084 -2.93834 0.587436 0.05
S 1.13059 -3.09335 0.552316 0.05
S 1.24681 -3.06899 0.536422 0.05
S 1.19571 -3.20631 0.380122 0.05
S 1.25682 -3.11332 0.608587 0.05
S 1.24783 -3.10307 0.529631 0.05
S 1.1828 -3.08048 0.15691 0.05
S 1.25743 -3.11244 0.606522 0.05
S 1.24431 -3.18024 0.46354 0.05
S 1.26511 -3.11425 0.59521 0.05
S 1.22874 -3.09346 0.510721 0.05
S 1.33176 -3.1361 0.524453 0.05
S 1.33176 -3.1361 0.524453 0.05
S 1.33176 -3.1361 0.524453 0.05
S 1.33176 -3.1361 0.524453 0.05
S 1.33176 -3.1361 0.524453 0.05
S 1.33176 -3.1361 0.524453 0.05
S 1.33176 -3.1361 0.524453 0.05
S 1.33176 -3.1361 0.524453 0.05
S 1.33176 -3.1361 0.524453 0.05
S 1.33176 -3.1361 0.524453 0.05
S 1.33176 -3.1361 0.524453 0.05
S 1.33176 -3.1361 0.524453 0.05
S 1.33176 -3.1361 0.524453 0.05
S 1.33176 -3.1361 0.524453 0.05
S 1.33176 -3.1361 0.524453 0.05
S 1.33176 -3.1361 0.524453 0.05
l 0.8 1 1 1 1 stucco.jpg
X normal_maps/stucco_NRM.jpg 1 0
S 1.22922 -3.77926 -0.2264 0.05
S 1.21201 -3.78075 0.202643 0.05
S 1.22282 -3.78653 0.0029646 0.05
S 1.21201 -3.78075 0.102643 0.05
S 1.21237 -3.79308 -0.128644 0.05
S 1.13111 -3.7919 -0.241086 0.05
S 1.0877 -3.79362 -0.151017 0.05
S 1.11924 -3.74343 0.103272 0.05
S 1.11088 -3.8824 -0.111278 0.05
S 1.11587 -3.50976 0.0304565 0.05
S 1.09422 -3.64376 -0.239961 0.05
S 1.11062 -3.77892 0.244541 0.05
S 0.982765 -3.66584 -0.239998 0.05
S 1.10242 -3.84024 -0.0209188 0.05
S 1.16288 -3.70745 -0.197932 0.05
S 1.22354 -3.7084 -0.0764823 0.05
S 1.01726 -3.92813 -0.239977 0.05
S 1.00248 -3.78691 0.16282 0.05
S 0.998317 -3.66816 0.231317 0.05
S 1.24253 -3.60907 -0.0974848 0.05
S 1.15661 -3.6281 0.259127 0.05
S 1.16967 -3.63634 0.0456934 0.05
S 1.14055 -3.54488 -0.172385 0.05
S 1.21758 -3.68249 0.120358 0.05
S 1.0968 -3.56075 -0.0838009 0.05
S 1.09728 -3.70156 -0.113141 0.05
S 1.01226 -3.85728 -0.134992 0.05
S 0.934457 -3.71083 0.1055 0.05
S 0.892155 -3.71281 -0.155004 0.05
S 1.13262 -3.69733 0.191071 0.05
S 0.987986 -3.74152 -0.174689 0.05
S 1.13996 -3.74354 -0.0328919 0.05
S 1.07973 -3.60741 0.121105 0.05
S 1.04204 -3.69662 0.146004 0.05
S 1.00234 -3.64735 0.0685626 0.05
S 1.17059 -3.60254 0.162583 0.05
S 1.08502 -3.68671 0.0283608 0.05
S 1.00816 -3.62571 -0.134019 0.05
S 1.01478 -3.55826 0.179131 0.05
S 0.853446 -3.57534 -0.239942 0.05
S 0.781896 -3.63062 0.182474 0.05
S 0.742054 -3.5542 0.0547467 0.05
S 0.826178 -3.66416 0.0993233 0.05
S 0.899891 -3.66681 0.213697 0.05
S 0.917987 -3.61871 -0.176945 0.05
S 0.977302 -3.55902 -0.239968 0.05
S 0.989721 -3.48303 0.11461 0.05
S 0.906176 -3.51624 -0.178891 0.05
S 0.892535 -3.50595 0.109173 0.05
S 0.839999 -3.57407 0.0581879 0.05
S 0.924281 -3.5915 0.152597 0.05
S 0.81235 -3.5069 0.169017 0.05
S 0.796589 -3.47038 0.0552175 0.05
S 0.88499 -3.32316 -0.239843 0.05
S 0.96608 -3.43501 0.00478593 0.05
S 0.910417 -3.48714 0.205746 0.05
S 0.867406 -3.40528 0.243821 0.05
S 0.883061 -3.42014 0.0586959 0.05
S 1.02309 -3.39248 0.140832 0.05
S 0.812811 -3.39185 -0.23137 0.05
S 1.00685 -3.29753 -0.102354 0.05
S 0.826524 -3.40361 0.13957 0.05
S 0.979696 -3.33792 -0.0149641 0.05
S 0.944698 -3.32856 0.0784867 0.05
S 0.915702 -3.1134 0.0397948 0.05
S 0.835911 -3.3041 0.136575 0.05
S 0.711087 -3.21637 0.135632 0.05
S 1.00975 -3.14672 0.0898269 0.05
S 0.926886 -3.38325 0.166513 0.05
S 1.04264 -3.22887 0.142383 0.05
S 0.951661 -3.29082 0.191267 0.05
S 0.868841 -3.27058 0.0483017 0.05
S 0.980257 -3.23796 -0.0264744 0.05
S 0.924995 -3.03109 -0.23999 0.05
S 0.758817 -3.29542 0.0593439 0.05
S 0.957231 -2.96897 -0.168511 0.05
S 0.725162 -3.08068 -0.131506 0.05
S 0.80257 -3.05406 -0.23974 0.05
S 0.902464 -3.20479 0.115811 0.05
S 0.877268 -3.18579 -0.193839 0.05
S 0.827724 -3.06634 0.0329687 0.05
S 0.654697 -3.14236 0.0758028 0.05
S 0.686406 -3.12055 0.177736 0.05
S 0.818067 -3.18523 0.0600012 0.05
S 0.722032 -3.2052 0.0368408 0.05
S 0.808648 -3.20764 0.157139 0.05
S 0.952642 -3.11442 0.231195 0.05
S 0.878718 -3.08267 0.171806 0.05
S 0.901158 -2.99121 0.205451 0.05
S 0.804039 -3.14124 -0.142145 0.05
S 0.783831 -3.11077 0.157418 0.05
S 0.867019 -3.05361 -0.161663 0.05
S 0.799675 -3.08134 -0.0619315 0.05
S 0.902017 -2.93903 -0.0906116 0.05
S 0.706256 -2.97662 0.285734 0.05
S 0.721105 -2.84266 0.124493 0.05
S 0.705605 -2.89585 -0.240001 0.05
S 0.800289 -2.92904 -0.239865 0.05
S 0.717868 -3.05962 -0.00856298 0.05
S 0.82577 -3.00571 0.207492 0.05
S 0.755807 -2.93306 0.209237 0.05
S 0.910643 -2.89752 0.265008 0.05
S 0.71245 -2.95996 0.0817806 0.05
S 0.922332 -2.89853 0.0212924 0.05
S 0.768429 -3.03033 0.228725 0.05
S 0.934542 -2.99421 0.299667 0.05
S 0.839079 -2.88412 0.0749407 0.05
S 0.805392 -2.97392 0.115938 0.05
S 0.904522 -2.95992 0.130571 0.05
S 0.982853 -2.73338 0.102731 0.05
S 0.990694 -2.92756 -0.0456772 0.05
S 0.826539 -2.80242 -0.239923 0.05
S 0.811682 -2.81294 0.154701 0.05
S 0.887315 -2.76129 0.112409 0.05
S 0.847724 -2.90033 0.187334 0.05
S 0.898504 -2.86193 0.162562 0.05
S 0.928164 -2.83908 -0.239911 0.05
S 1.00401 -2.84154 0.222176 0.05
S 1.02304 -2.93659 0.197595 0.05
S 1.09169 -2.79456 0.232441 0.05
S 0.962757 -2.83081 0.0925495 0.05
S 1.11556 -2.711 0.175154 0.05
S 1.13214 -2.73819 -0.239955 0.05
S 1.21519 -2.82114 -0.239779 0.05
S 1.09508 -2.77928 -0.133324 0.05
S 1.05197 -2.82298 0.137033 0.05
S 1.10404 -2.89739 -0.156527 0.05
S 1.14838 -2.79648 0.134956 0.05
S 1.1851 -2.74149 -0.155038 0.05
S 1.26752 -2.78339 -0.116872 0.05
S 1.29875 -2.84863 0.249426 0.05
S 1.14754 -2.86665 0.273476 0.05
S 1.21119 -2.83276 0.203793 0.05
S 1.3098 -2.79267 0.169783 0.05
S 1.43083 -2.78453 -0.239796 0.05
S 1.30033 -2.81578 0.343511 0.05
S 1.33407 -2.63632 0.142615 0.05
S 1.34869 -2.6911 -0.239929 0.05
S 1.3246 -2.82024 0.0748032 0.05
S 1.29957 -2.69633 0.214788 0.05
S 1.39797 -2.87691 0.180526 0.05
S 1.39914 -2.71515 -0.156999 0.05
S 1.40638 -2.76671 0.169668 0.05
S 1.43234 -2.65116 0.153686 0.05
S 1.52035 -2.75483 0.0878769 0.05
S 1.45104 -2.80311 0.251402 0.05
S 1.50938 -2.65548 0.0849407 0.05
S 1.46696 -2.83124 0.124099 0.05
S 1.51022 -2.7515 0.187487 0.05
S 1.59366 -2.70315 0.132215 0.05
S 1.30777 -3.71449 0.0913169 0.05
S 1.2946 -3.70982 0.291777 0.05
S 1.2946 -3.70982 0.191777 0.05
S 1.2946 -3.70982 0.191777 0.05
S 1.2946 -3.70982 0.191777 0.05
S 1.2946 -3.70982 0.191777 0.05
S 1.2946 -3.70982 0.191777 0.05
S 1.2946 -3.70982 0.191777 0.05
S 1.2946 -3.70982 0.191777 0.05

trigger 1.26 0.075 -0.24 0.7 0 0 0 0
Q 1 0.8 0.4 0 5 0.46 0.7 1.26 0.075 -0.24 1 0 0 0 0 0
trigger
l 0.8 0.7 0.7 0.7 1 none
r 1.0 80 0.9 0.9 0.9
density 1
y 8
X none
movable 0
B 1.52 2 0.06 0.09 -0.29 -0.23
B 1.52 1.54 0.06 0.09 -0.23 0.12
B 1.52 2 0.06 0.09 0.12 0.14
l 0.7 0.95 0.95 0.95 0.25 none
r 1.0 1 0 0 0
a 2
B 1.54 2 0.072 0.078 -0.23 0.12
l 0.8 0.7 0.7 0.7 1 none
r 1.0 80 0.9 0.9 0.9
a 0
B 1.52 2 0.06 0.09 -0.29 -0.23
B 1.52 1.54 0.06 0.09 -0.23 0.12
B 1.52 2 0.06 0.09 0.12 0.14
l 0.7 0.95 0.95 0.95 0.25 none
r 1.0 1 0 0 0
a 2
B 1.54 2 0.072 0.078 -0.23 0.12

trigger -3 5.2 -0.68 0.2 0 0 0 0
trigger -2.72 5 -0.55 0.06 0 0 1 1
trigger -2.72 5 -0.13 0.06 0 0 1 1
trigger -2.72 5 0.45 0.06 0 0 1 1
trigger -2.72 5 1.05 0.06 0 0 1 1
trigger -2.72 5 1.65 0.06 0 0 1 1
Q 1 0.4 0.4 1 3 2.2 0.2 -3 5.2 -0.68 0 0 1 0 0 0
trigger
l 0.8 1 1 1 1 none
y 3
C -3 5.25 -0.396 -3 5.25 -0.39 0.02 0.02
l 0.6 0.7 0.7 0.7 1 fence.jpg
X normal_maps/fence_NRM.jpg 1 1
a 0
B -3.35 -2.65 5.05 5.45 -0.39 -0.38
B -2.66 -2.65 5.02 5.8 -0.68 -0.39
B -3.35 -3.34 5.02 5.8 -0.68 -0.39
B -3.34 -3.2 5.05 5.06 -0.68 -0.39
B -3.34 -2.66 5.79 5.8 -0.68 -0.39
B -2.8 -2.64 5.05 5.06 -0.68 -0.39
l 0.7 0.58 0.42 0.3 1 plaster.png
y 7.5
X normal_maps/dirt_normal.jpg 1 1
B -3.35 -2.65 5.05 5.65 -0.7 -0.68
l 0.8 1 1 1 1 none
y 3
X none
a 2
C -3 5.25 -0.396 -3 5.25 -0.39 0.02 0.02
l 0.6 0.7 0.7 0.7 1 fence.jpg
X normal_maps/fence_NRM.jpg 1 1
a 0
B -3.35 -2.65 5.05 5.45 -0.39 -0.38
B -2.66 -2.65 5.02 5.8 -0.68 -0.39
B -3.35 -3.34 5.02 5.8 -0.68 -0.39
B -3.34 -3.2 5.05 5.06 -0.68 -0.39
B -3.34 -2.66 5.79 5.8 -0.68 -0.39
B -2.8 -2.64 5.05 5.06 -0.68 -0.39
l 0.7 0.58 0.42 0.3 1 plaster.png
y 7.5
X normal_maps/dirt_normal.jpg 1 1
B -3.35 -2.65 5.05 5.65 -0.7 -0.68

trigger -3 5.25 -0.41 0 0 0.1 0 0 -3.35 -2.65 5.05 5.8 -0.69 -0.39
indir_dlight_group none
light 0 1.2 -3 5.25 -0.41 1 0.9 0.7 1 0 0 -1 1 0 0 0
bind_light -3 5.25 -0.393
trigger

trigger 0.59 2.65 -0.57 0.06 0 1.7 0 1
trigger 0.59 2.85 -0.57 0.06 0 1.7 0 1
trigger 0.15 2.6 -0.57 0.06 0 1.7 0 1
trigger 0.15 2.9 -0.57 0.06 0 1.7 0 1
sensor 3 1.2 1 -0.39 0 0 0.1
sound_file machine.wav
Q 1 0.25 0.25 0.1 0.1 0.4 0 0.6 2.76 -0.37 -1 0 0 0 0 1
sensor disabled
trigger
l 0.8 1 1 1 1 metal_plate.jpg
y 5
Y 0.38 -0.3 0
metalness 1
X none
B 0.599 1 2.72 2.78 -0.69 -0.41
B 0.599 1 2.72 2.78 -0.69 -0.41

trigger -6.3 -0.849 -0.58 0.06 0 0 0 1
sound_file metal_door.wav
Q 1 0.8 0.3 0.2 1 0.26 0 -6.3 -0.65 -0.57 0 0 -1 0 0 0
trigger
l 0.99 1 1 1 1 lichen.jpg
y 1
Y 0 0 0
metalness 0
damage 100
B -6.5 -6.1 -0.85 -0.45 -0.43 -0.33
B -6.5 -6.1 -0.85 -0.45 -0.43 -0.33

Q 0

x 1.45 4.4 -0.2 1.45 4.4 2.186 0.05
x 1.45 5.2 2.186 1.45 5.2 -0.2 0.05

N 5.3 5.95 -0.29 5.3 5.95 0.06 5.6 5.95 0.06 5.6 5.95 -0.29 0 -1 0
N -3.95 5.95 -0.29 -3.95 5.95 0.06 -3.65 5.95 0.06 -3.65 5.95 -0.29 0 -1 0
N -8 -0.6 -0.54 -8 -0.6 -0.47 -8 -0.4 -0.47 -8 -0.4 -0.54 1 0 0
N -8 0.7 -0.54 -8 0.7 -0.47 -8 0.9 -0.47 -8 0.9 -0.54 1 0 0
N -8 2 -0.54 -8 2 -0.47 -8 2.2 -0.47 -8 2.2 -0.54 1 0 0
N 8 0.7 -0.54 8 0.7 -0.47 8 0.9 -0.47 8 0.9 -0.54 -1 0 0
N 8 2 -0.54 8 2 -0.47 8 2.2 -0.47 8 2.2 -0.54 -1 0 0
N -8 5 -0.66 -8 5 -0.36 -8 5.2 -0.36 -8 5.2 -0.66 1 0 0
N -0.05 -3.45 -0.29 -0.05 -3.45 0.11 -0.05 -3.05 0.11 -0.05 -3.05 -0.29 -1 0 0
N 1 0.05 -0.29 1 0.05 0.14 1.48 0.05 0.14 1.48 0.05 -0.29 0 1 0
N 1.52 0.05 -0.29 1.52 0.05 0.14 2 0.05 0.14 2 0.05 -0.29 0 1 0
N 5 0.05 -0.29 5 0.05 0.11 5.45 0.05 0.11 5.45 0.05 -0.29 0 1 0
N -0.05 -1.7 1.51 -0.05 -1.7 1.86 -0.05 -1.4 1.86 -0.05 -1.4 1.51 -1 0 0
N 1.4 0.05 1.51 1.4 0.05 1.86 1.7 0.05 1.86 1.7 0.05 1.51 0 1 0
N -7.3 4.4 2.11 -7.3 4.4 2.51 -6.9 4.4 2.51 -6.9 4.4 2.11 0 1 0
N -5.8 6.5 -0.69 -5.8 6.5 -0.34 -3.14 6.5 -0.34 -3.14 6.5 -0.69 0 -1 0
N -3.14 6.5 -0.69 -3.14 6.5 -0.34 -0.48 6.5 -0.34 -0.48 6.5 -0.69 0 -1 0
N -0.48 6.5 -0.69 -0.48 6.5 -0.34 2.18 6.5 -0.34 2.18 6.5 -0.69 0 -1 0
N 2.18 6.5 -0.69 2.18 6.5 -0.34 4.84 6.5 -0.34 4.84 6.5 -0.69 0 -1 0
N 4.84 6.5 -0.69 4.84 6.5 -0.34 7.5 6.5 -0.34 7.5 6.5 -0.69 0 -1 0
N 8 2.9 -0.69 8 2.9 -0.34 8 6 -0.34 8 6 -0.69 -1 0 0

A -9 -9 -0.260954
A 9 -9 -0.0235955
A -9 9 -0.574298
A 8.5 8.5 -1.01554
A -9 0 -0.513847
A 9 0 -0.413847
A 0 9 -0.910242
A 0 -9 -0.317004
A 1.47 -8.2 -0.27
A 0.3 -0.48 -0.21
A 9 -1 -0.09
A 3.14 -3.3 -0.21
A -0.75 -4.68 -0.2
A -6.66 5.26 -0.2
A 1.64 1.78 -0.07
A 6.84 0.84 -0.2
A -2.08 5.57 -0.2
A -6.52 4.65 -0.61
A -3.02 5.5 -0.61
A 7.67 6.2 -0.61
A 4.95 3.17 -0.61
A 5 -4.68 -0.17
A 6.77 3.13 -0.61
A -7.66 5.13 -0.21
A 5.48 6.25 -0.21

light 2.4 0 1.5 2 0.53 1 1 1 1 0 0 0 1 0 0
light 1.35 0 -4 -1 0.61 1 1 0.6 1 0 0 0 1 0 0
light 1.5 0 -7.7 -6.1 0.566 1 0.8 0.5 0.4 0 0 -1 0.5 0.07 0
light 1.5 0 -5.2 -6.1 0.566 1 0.8 0.5 0.4 0 0 -1 0.5 0.07 0
light 1.5 0 -2.7 -6.1 0.566 1 0.8 0.5 0.4 0 0 -1 0.5 0.07 0
light 1.5 0 0.3 -0.8 0.566 1 0.8 0.5 0.4 0 0 -1 0.5 0.07 0
light 1.5 0 0.3 -3.7 0.566 1 0.8 0.5 0.4 0 0 -1 0.5 0.07 0
light 1.5 0 0.3 -6.1 0.566 1 0.8 0.5 0.4 0 0 -1 0.5 0.07 0
light 1.5 0 3.5 -0.3 0.566 1 0.8 0.5 0.4 0 0 -1 0.5 0.07 0
light 1.5 0 6.5 -0.3 0.566 1 0.8 0.5 0.4 0 0 -1 0.5 0.07 0
light 1.5 0 3.2 -5.4 0.566 1 0.8 0.5 0.4 0 0 -1 0.5 0.07 0
light 1.5 0 3.2 -3 0.566 1 0.8 0.5 0.4 0 0 -1 0.5 0.07 0
light 1.5 0 6.8 -5.4 0.566 1 0.8 0.5 0.4 0 0 -1 0.5 0.07 0
light 1.5 0 6.8 -3 0.566 1 0.8 0.5 0.4 0 0 -1 0.5 0.07 0

trigger -6.55 5.1 -0.79 0 0 5 0 0 -6.7 -6.38 4.5 6.2 -0.79 -0.49
indir_dlight_group none
light 0 1 -6.55 4.8 -0.39 0.6 0.6 1 1 0 0 -1 1 0 0 0
bind_light -6.52 4.8 -0.344
trigger

trigger -6.55 5.1 -0.79 0 0 5 0 0 -6.7 -6.38 4.5 6.2 -0.79 -0.49
indir_dlight_group none
light 0 1 -6.55 5.1 -0.39 0.6 0.6 1 1 0 0 -1 1 0 0 0
bind_light -6.52 5.1 -0.344
trigger

trigger -6.55 5.1 -0.79 0 0 5 0 0 -6.7 -6.38 4.5 6.2 -0.79 -0.49
indir_dlight_group none
light 0 1 -6.55 5.4 -0.39 0.6 0.6 1 1 0 0 -1 1 0 0 0
bind_light -6.52 5.4 -0.344
trigger

trigger -6.3 2.53 -0.58 0.4 0 1 0 0
indir_dlight_group none
light 0 0.5 -6.3 2.55 -0.58 1 0.4 0.7 1 0 0 0 1 0 0 0
trigger

trigger -6.3 2.59 -0.58 0.06 0 60 0 1
indir_dlight_group none
light 0 0.7 -6.55 3 -0.465 0.6 0.6 1 1 0 0 -1 1 0 0 0
bind_light -6.55 3 -0.42
trigger

trigger -6.3 2.59 -0.58 0.06 0 60 0 1
indir_dlight_group none
light 0 0.7 -6.55 3.5 -0.465 0.6 0.6 1 1 0 0 -1 1 0 0 0
bind_light -6.55 3.5 -0.42
trigger

trigger -6.3 2.59 -0.58 0.06 0 60 0 1
indir_dlight_group none
light 0 0.7 -6.55 4 -0.465 0.6 0.6 1 1 0 0 -1 1 0 0 0
bind_light -6.55 4 -0.42
trigger

trigger -6.3 2.59 -0.58 0.06 0 60 0 1
indir_dlight_group none
light 0 0.2 -7.2 2.56 -0.468 0.6 0.6 1 1 0 0 0 1 0 0 0
bind_light -7.2 2.59 -0.45
trigger

trigger -6.3 2.59 -0.58 0.06 0 60 0 1
indir_dlight_group none
light 0 0.2 -6.2 2.56 -0.468 0.6 0.6 1 1 0 0 0 1 0 0 0
bind_light -6.2 2.59 -0.45
trigger

trigger -6.3 2.59 -0.58 0.06 0 60 0 1
indir_dlight_group none
light 0 0.2 -5.2 2.56 -0.468 0.6 0.6 1 1 0 0 0 1 0 0 0
bind_light -5.2 2.59 -0.45
trigger

trigger -6.3 2.59 -0.58 0.06 0 60 0 1
indir_dlight_group none
light 0 0.2 -4.2 2.56 -0.468 0.6 0.6 1 1 0 0 0 1 0 0 0
bind_light -4.2 2.59 -0.45
trigger

trigger -6.3 2.59 -0.58 0.06 0 60 0 1
indir_dlight_group mapx/basement_spotlight1.data 0.015
light 0 2 -7.2 2.56 -0.468 0.6 0.6 1 1 0 -0.819232 -0.573462 0.15 0 0 1
bind_light -7.2 2.59 -0.45
trigger

trigger -6.3 2.59 -0.58 0.06 0 60 0 1
indir_dlight_group mapx/basement_spotlight2.data 0.02
light 0 2 -6.2 2.56 -0.468 0.6 0.6 1 1 0 -0.819232 -0.573462 0.15 0 0 1
bind_light -6.2 2.59 -0.45
trigger

trigger -6.3 2.59 -0.58 0.06 0 60 0 1
indir_dlight_group mapx/basement_spotlight3.data 0.02
light 0 2 -5.2 2.56 -0.468 0.6 0.6 1 1 0 -0.819232 -0.573462 0.15 0 0 1
bind_light -5.2 2.59 -0.45
trigger

trigger -6.3 2.59 -0.58 0.06 0 60 0 1
indir_dlight_group mapx/basement_spotlight4.data 0.02
light 0 2 -4.2 2.56 -0.468 0.6 0.6 1 1 0 -0.819232 -0.573462 0.15 0 0 1
bind_light -4.2 2.59 -0.45
trigger

trigger -6.3 2.59 -0.58 0.06 0 60 0 1
indir_dlight_group mapx/basement_line_light.data 0.05
light 0 1.2 -4 -0.83 -0.49 0.6 0.6 1 1 -2 -0.83 -0.49 1 0 1 0
bind_light -3 -0.845 -0.49
trigger

trigger -6.3 -0.65 -0.58 0.4 0 1 0 0
indir_dlight_group none
light 0 0.5 -6.3 -0.845 -0.58 1 0.4 0.7 1 0 0 0 1 0 0 0
trigger

trigger -3 4.8 -0.57 0 0.5 0.5 0 0
indir_dlight_group none
light 0 0.75 -3 4.8 -0.39 1 0.2 0.1 1 0 0 -1 1 0 0 0
bind_light -3 4.8 -0.345
trigger

sensor 9 1.2 1 -0.39 0 0 0.1
indir_dlight_group none
light 0 1 0 1 -0.44 0.2 1 0.4 1 0 0 1 1 0 0 0
sensor disabled

indir_dlight_group none
light 0 1.6 1.5 2 0.53 1 1 1 1 0 0 -1 0.5 0 0 1

trigger -3.05 -1.05 -0.226 1 0 5 0 0
indir_dlight_group none
light 0 1.2 -3.05 -1.05 -0.226 1 0.7 0.3 1 -1 0 0 0.4 0 0 1
bind_light -3.05 -1.05 -0.226
trigger

trigger -3.05 -1.05 -0.226 1 0 5 0 0
indir_dlight_group none
light 0 1.2 -3.05 -1.05 -0.226 1 0.7 0.3 1 1 0 0 0.4 0 0 1
bind_light -3.05 -1.05 -0.226
trigger

trigger -3.05 -1.05 -0.226 1 0 5 0 0
indir_dlight_group none
light 0 1.2 -3.05 -1.05 -0.226 1 0.7 0.3 1 0 -1 0 0.4 0 0 1
bind_light -3.05 -1.05 -0.226
trigger

trigger -3.05 -1.05 -0.226 1 0 5 0 0
indir_dlight_group none
light 0 1.2 -3.05 -1.05 -0.226 1 0.7 0.3 1 0 1 0 0.4 0 0 1
bind_light -3.05 -1.05 -0.226
trigger

trigger -3.05 -1.05 -0.226 1 0 5 0 0
indir_dlight_group none
light 0 1.2 -3.05 -1.05 -0.226 1 0.7 0.3 1 0 0 -1 0.4 0 0 1
bind_light -3.05 -1.05 -0.226
trigger

trigger -3.05 -1.05 -0.226 1 0 5 0 0
indir_dlight_group none
light 0 1.2 -3.05 -1.05 -0.226 1 0.7 0.3 1 0 0 1 0.4 0 0 1
bind_light -3.05 -1.05 -0.226
trigger

indir_dlight_group none
light 0 0.6 -4 -1 0.61 1 1 0.6 1 0 0 0 1 0 0 0

trigger -3 -2 1.01 0 0 2 1 0 -5.3 -0.8 -4.4 0.3 0.91 1.11
indir_dlight_group mapx/colored_light.data 6
light 0 1 -3 -2 1.21 1 1 1 1 0 0 0 1 0 0 0
trigger

g 1 0.7 1 1
E -6.9 -6.1 100 0 -0.3 1
g 1 0.7 1 1
E -3.9 -6.1 100 0 -0.3 1
g 1 0.7 1 1
E -0.9 -6.1 100 0 -0.3 1

F 2.6 -4 1 0.25 0 -0.34
F 2.6 -6 1 0.25 0 -0.34
F 2.6 -2 1 0.25 0 -0.34
F 4.1 -6 1 0.25 0 -0.34
F 4.1 -2 1 0.25 0 -0.34
F 5.6 -6 1 0.25 0 -0.34
F 5.6 -2 1 0.25 0 -0.34
F 7.1 -4 1 0.25 0 -0.34
F 7.1 -6 1 0.25 0 -0.34
F 7.1 -2 1 0.25 0 -0.34
F 1 -7.7 1 0.25 4 -0.52059
F 2 -7.7 1 0.25 4 -0.484536
F 1 -9 1 0.25 4 -0.456364
F 2 -9 1 0.25 4 -0.401595

G 0.2 -0.2 0.6 0.006 0 -0.24

place_sound smokealarm.wav 1.5 3.8 0.145 1 1

end
