#######################################
# appearance spots
#######################################

A -9.00 -9.00
A  9.00 -9.00
A -9.00  9.00
A  8.50  8.50
A -9.00  0.00
A  9.00  0.00
A  0.00  9.00
A  0.00 -9.00
A  1.47 -8.20  0.02
A  0.30 -0.48  0.08
A  9.00 -1.00  0.20
A  3.14 -3.30  0.08
A -0.75 -4.68  0.09
A -6.66  5.26  0.09
A  1.54  1.78  0.22
A  6.84  0.84  0.09
A -2.08  5.57  0.09
A -6.52  4.65 -0.32
A -3.02  5.50 -0.32
A  7.67  6.20 -0.32
A  4.95  3.17 -0.32
A  5.00 -4.68  0.12
A  6.77  3.13 -0.32
A -7.66  5.13  0.08
A  5.48  6.25  0.08

#######################################
# waypoints
#######################################

p 0 -0.810381 -3.10055 0.0738915
p 0 -4.1422 -4.11446 0.074008
p 0 -7.17864 4.05648 0.073744
p 0 -6.0518 3.83242 0.073744
p 0 -2.0017 -4.94921 0.074046
p 0 5.1429 0.526464 0.074001
p 0 -5.76698 5.54005 1.86024
p 0 -1.23594 4.81523 0.074008
p 0 -1.06348 1.61646 0.073999
p 0 1.3038 -0.613083 0.0599004
p 0 1.31043 1.38394 0.0899721
p 0 0.587317 2.87846 0.07399
p 0 2.35214 2.43807 0.0741065
p 0 5.5734 5.67489 0.0740528
p 0 5.48104 6.30982 0.0601065
p 0 7.85013 6.33264 0.0600259
p 0 -3.79691 6.19478 0.0599183
p 0 -7.70948 6.13059 0.0599721
p 0 -7.92781 -6.35315 0.0598915
p 0 -5.95803 -5.69334 0.0600349
p 0 -0.41635 -5.65515 0.0599272
p 0 -3.01402 4.9175 0.0742995
p 0 -6.50023 5.11082 -0.340135
p 0 -6.57847 1.98247 -0.340171
p 0 -6.55566 6.16102 -0.340117
p 0 -6.23029 6.14515 -0.340135
p 0 -5.18871 6.12029 -0.340046
p 0 -5.19582 3.78489 -0.340019
p 0 -2.90655 3.72212 -0.340037
p 0 0.364847 3.80944 -0.340108
p 0 0.158723 6.30828 -0.340046
p 0 0.351948 1.05091 -0.340108
p 0 4.47699 3.20669 -0.339974
p 0 7.40891 3.46041 -0.340117
p 0 8.81038 -3.87717 0.00754654
p 0 3.22203 0.289886 0.659981
p 0 -0.43924 0.371433 0.659954
p 0 -2.29073 1.71875 1.26001
p 0 5.84429 4.16489 1.85997
p 0 5.93337 5.20822 1.86002
p 0 -3.04936 4.59333 1.85991
p 0 -5.8455 4.77065 1.85997
p 0 -5.82151 4.08607 1.85996
p 0 0.122823 -1.57579 1.85996
p 0 0.235142 -0.162805 1.85997
p 0 7.76725 4.87265 -0.340073
p 0 7.92691 2.96395 -0.340037
p 0 2.59002 1.83555 0.0738737
p 0 3.30507 2.99819 0.0738915
p 0 0.368991 1.87041 0.0739452
p 0 -3.00586 5.45812 -0.340019 # bottom of elevator
p 0 -3.00013 5.31272 -0.029651 # top 0 of elevator car (at rest)

#######################################
# items
#######################################

# powerups
#I 29 0 1.0 -1.0 1.0

# health

# shields

# weapons

# ammo

