l 0.9 0.6 0.25 0.1 1.0 1 1
B -3.0 -2.0 -3.1 -2.9 -0.6 -0.1
B -3.0 -2.0 -1.6 -1.4 -0.6 -0.1
B -3.0 -2.0 -0.1  0.1 -0.6 -0.1
B -3.0 -2.0  1.4  1.6 -0.6 -0.1
B -3.0 -2.0  2.9  3.1 -0.6 -0.1

B -1.5 -0.5 -3.1 -2.9 -0.6 -0.1
B -1.5 -0.5 -1.6 -1.4 -0.6 -0.1
B -1.5 -0.5 -0.1  0.1 -0.6 -0.1
B -1.5 -0.5  1.4  1.6 -0.6 -0.1
B -1.5 -0.5  2.9  3.1 -0.6 -0.1

B  0.5  1.5 -3.1 -2.9 -0.6 -0.1
B  0.5  1.5 -1.6 -1.4 -0.6 -0.1
B  0.5  1.5 -0.1  0.1 -0.6 -0.1
B  0.5  1.5  1.4  1.6 -0.6 -0.1
B  0.5  1.5  2.9  3.1 -0.6 -0.1

B  2.0  3.0 -3.1 -2.9 -0.6 -0.1
B  2.0  3.0 -1.6 -1.4 -0.6 -0.1
B  2.0  3.0 -0.1  0.1 -0.6 -0.1
B  2.0  3.0  1.4  1.6 -0.6 -0.1
B  2.0  3.0  2.9  3.1 -0.6 -0.1
