# Frank's House
m 0.649 # 0.59
t 0.0 -0.015 0.203 # t 0.0 -0.015 0.185


#l 0.1 0.0 0.25 0.05 1.0 0 1 # pine tree leaves
#B 5.0 10.0 -3.0 -3.5 0.0 1.0 # TESTING
#B -5.0 -10.0 -3.0 -3.5 0.5 1.0 # TESTING
#S -3.0 0.0 -0.1 0.5 # TESTING
#q

# TESTING
# cylinder params: c x1 y1 z1 x2 y2 z2 r1 r2 elasticity R G B A tid draw
#l 0.5 1 1 1 0.5 -1 1
#t 0.0 1.0 -1.3
#P 3 0.0 4.0 1.2  0.2 4.2 1.2  0.2 3.4 1.2  0.5
#P 3 0.0 4.0 2.0  0.2 4.2 1.6  0.2 3.4 1.1  0.5
#t 0.0 -1.0 1.3
#P 3 4.0 4.0 2.0  4.2 4.2 1.6  4.2 3.4 1.1  0.5
#C 0.0 -6.0 0.5 0.0 -6.0 1.0 0.4 0.0
#C -4.0 -6.0 1.0 -4.0 -6.0 2.0 0.4 0.4
#C 1.0 -6.0 0.5 1.0 -4.0 0.5 0.4 0.0
#C -1.0 -6.0 0.5 -3.0 -6.0 0.5 0.4 0.2
#q

#l 1.0 1.0 1.0 1.0 1.0 -1 1 # White
#S 0. 3.0 0.0 0.5 # Testing

w 4.8 -0.2 2.0
w -4.9 -1.8 2.5

# Place Items
# *** FIX ***
I 27 0 0.0 0.0 0.0 # testing - add health

# Decidious Trees
E 0.2 5.6 130.0 0
E -5.2 1.8 220.0 1
E -4.2 6.2 95.0 3

# Short Pine Trees
F 4.4 -2.0 0.5 0.25 5
F 4.4 -1.0 0.5 0.25 5
F 4.4 0.0 0.5 0.25 5
F 4.4 1.0 0.5 0.25 5
F 4.4 2.0 0.5 0.25 5

# Tall Pine Trees
F 4.93 2.31 1.00 0.250 0
F 4.74 2.68 0.58 0.232 0
F 5.83 2.02 1.07 0.247 0
F 5.39 1.61 0.72 0.255 0
F 6.26 1.27 1.32 0.260 0
F 6.30 0.84 1.48 0.271 0
F 5.97 0.49 0.91 0.284 0
F 4.84 0.18 0.83 0.297 0
F 5.22 -0.62 0.51 0.301 0
F 5.44 -0.83 0.61 0.226 0
F 5.71 -0.37 1.06 0.225 0
F 6.17 -1.11 0.87 0.208 0
F 5.86 2.72 0.61 0.218 0
F 5.99 4.23 1.53 0.225 0
F 4.27 4.45 0.82 0.261 0
F 4.61 2.95 1.33 0.273 0
F 5.83 3.72 0.49 0.253 0
F 6.11 3.38 0.82 0.244 0
F 4.72 3.17 1.18 0.229 0
F 5.46 3.53 1.02 0.202 0
F 5.28 4.79 1.16 0.245 0
F 5.73 4.88 0.58 0.222 0
F 4.93 4.12 1.09 0.285 0
F 6.24 5.67 1.28 0.237 0
F 5.48 5.32 0.85 0.219 0
F 6.38 6.26 1.18 0.216 0
F 5.93 5.84 0.69 0.226 0

# Appearance Spots
#A 0.0 0.0 # Bad - Inside House
#A 4.0 4.0

# Plants
G 4.00 5.00 0.50 0.0080 1
G 4.79 5.34 0.45 0.0070 1
G 4.35 5.89 0.55 0.0092 1
G 4.87 5.71 0.53 0.0090 1
G 5.25 5.38 0.44 0.0068 1
G 4.97 5.23 0.31 0.0057 1
G 4.34 5.19 0.52 0.0087 1
G 4.63 5.73 0.39 0.0062 1
G 3.75 5.50 0.47 0.0073 1
G 4.32 5.49 0.42 0.0065 1
G -1.2 3.0 0.35 0.006 0 # MJ


# Ceilings/Floors
a 0 # non-destroyable
y 8.0
l 0.8 0.3 0.3 0.3 1.0 45 1 # Concrete
B -0.4 1.22 -2.02 -1.5 0.0 0.1 # Porch Slab
B -0.5 1.1 -1.9 -1.4 -0.7 -0.6 # Floor Under Porch Slab
a 1 # destroyable
y 9.0
l 0.7 1.0 1.0 1.0 1.0 49 1 # plaster
B -1.95 1.35 -2.15 2.95 0.7 0.75
B 1.1 1.45 -0.55 -0.15 0.7 0.75
e 1

a 0 # non-destroyable

# Upstairs
y 9.0
l 0.75 0.5 0.4 0.05 1.0 45 1 # Upstairs Carpet (Yellow)
B 0.0 1.1 -0.9 0.3 0.05 0.1
B 0.1 1.1 -1.5 -0.9 0.05 0.1
B -0.5 0.0 -0.9 -0.1 0.05 0.1
B 0.0 0.7 0.3 1.4 0.05 0.1
B -0.45 -0.1 0.7 1.85 0.05 0.1
B -0.8 -0.45 1.1 1.4 0.05 0.1
B -0.1 0.0 0.7 1.1 0.05 0.1

l 0.75 0.5 0.9 0.5 1.0 45 1 # Bedroom Carpet (Green)
B -1.7 -0.5 -1.9 -0.1 0.05 0.1

l 0.75 0.7 0.6 0.5 1.0 45 1 # Kitchen Carpet (Tan/White)
B 0.1 1.1 1.5 2.7 0.05 0.09
B 0.1 0.7 1.4 1.5 0.05 0.09
B -0.1 0.1 1.4 1.8 0.05 0.09

l 0.75 0.9 0.7 0.7 1.0 45 1 # Bedroom Carpet (Pink)
B -1.7 -0.45 -0.1 1.1 0.05 0.1
B -0.45 -0.1 -0.1 0.7 0.05 0.1

l 0.75 0.15 0.15 0.5 1.0 45 1 # Bedroom Carpet (Blue)
B -1.7 -0.45 1.4 2.7 0.05 0.1
B -1.7 -0.8 1.1 1.4 0.05 0.1

l 0.75 0.6 0.6 0.9 1.0 45 1 # Bathroom Carpet (CoftheV) (Lt Blue)
B -0.4 0.0 1.9 2.7 0.05 0.1
B -0.4 -0.1 1.85 1.9 0.05 0.1

y 6.0
l 0.75 0.3 0.3 0.3 1.0 50 1 # Front Door Tile
B -0.5 0.0 -1.5 -0.9 0.05 0.09

# Downstairs Floor
y 10.0
l 0.8 0.36 0.22 0.15 1.0 45 1 # Downstairs Carpet
B -0.4 1.1 -1.5 1.8 -0.7 -0.59
B 0.1 1.1 1.8 2.7 -0.7 -0.59
B -0.5 -0.4 0.9 1.8 -0.7 -0.59

y 8.0
l 0.8 0.3 0.3 0.3 1.0 45 1 # Concrete
B -1.7 -0.5 -0.1 2.3 -0.7 -0.6
B -1.7 -1.0 2.3 2.7 -0.7 -0.6
B -0.5 0.0 1.8 2.3 -0.7 -0.6

y 10.0
l 0.75 1.0 1.0 1.0 1.0 50 1 # Bathroom Floor Tile
B -1.0 0.1 2.3 2.7 -0.7 -0.595

y 5.0
l 0.7 0.05 0.5 0.05 1.0 45 1 # Astroturf
B -1.7 -0.5 -1.9 -0.1 -0.7 -0.595

y 7.0
l 0.4 0.2 0.1 0.05 1.0 45 1 # Brown Carpet
B -0.8 -0.5 0.0 0.8 -0.6 -0.59

a 1 # destroyable

e 0
y 1.0
l 0.95 0.26 0.26 0.26 1.0 45 1 # Steel Beam
B -0.39 -0.31 1.8 2.7 -0.08 -0.07
B -0.39 -0.31 1.8 2.7 -0.01 0.0
B -0.355 -0.345 1.8 2.7 -0.07 -0.01


# Downstairs Ceiling
y 4.0
e 2
l 0.5 0.8 0.8 0.8 1.0 48 1 # Particle Board
B -0.2 1.1 -1.5 0.3 -0.02 0.05
B -0.2 0.7 0.3 1.5 -0.02 0.05
B -0.2 0.1 1.5 1.8 -0.02 0.05
B 0.1 1.1 1.5 2.7 -0.02 0.05

l 0.6 1.0 1.0 1.0 1.0 26 1 # paneling
B 0.8 1.1 0.3 0.4 -0.03 0.05
B 0.7 0.8 0.3 1.5 -0.03 0.05

y 8.0
l 0.6 0.9 0.7 0.5 1.0 36 1 # wooden slats
B -1.7 -0.2 -0.1 2.7 0.0 0.05
B -0.2 0.1 1.8 2.7 0.0 0.05

y 6.0
l 0.7 1.0 1.0 1.0 1.0 49 1 # plaster/white paint
B -1.7 -0.4 -1.9 -0.1 -0.01 0.05 # Above Back Room
e 0

y 3.0
# Outside Walls Top
l 0.9 1.0 1.0 1.0 1.0 16 1 # brick
e 8
B -1.8 -1.6 -2.0 -1.9 0.2 0.6  # Front Driveway Wall
B -1.4 -1.2 -2.0 -1.9 0.2 0.6 
B -1.0 -0.8 -2.0 -1.9 0.2 0.6 
B -0.6 -0.4 -2.0 -1.9 0.2 0.6
B -1.8 -0.4 -2.0 -1.9 0.0 0.2 
B -1.8 -0.4 -2.0 -1.9 0.6 0.71 

e 32
B -1.8 -1.7 -1.9 -1.2 0.0 0.71  # Left Side Wall
B -1.8 -1.7 -1.0 0.1 0.35 0.71 
B -1.8 -1.7 0.7 2.7 0.0 0.71 
B -1.8 -1.7 -1.2 0.7 0.0 0.35
B -1.8 -1.7 -1.2 -1.0 0.55 0.71 
B -1.8 -1.7 0.1 0.7 0.6 0.71 

e 4
B -1.8 -1.4 2.7 2.8 0.0 0.71  # Back Wall
B -0.8 -0.3 2.7 2.8 0.35 0.6 
B -0.1 0.35 2.7 2.8 0.0 0.6 
B 0.75 1.2 2.7 2.8 0.0 0.71 
B -1.4 -0.1 2.7 2.8 0.0 0.35 
B 0.35 0.75 2.7 2.8 0.0 0.3 
B -1.4 0.75 2.7 2.8 0.6 0.71 
B -0.3 -0.1 2.7 2.8 0.575 0.6 

e 16
B 1.1 1.2 1.8 2.7 0.0 0.71  # Right Side Wall
B 1.1 1.2 -1.4 1.5 0.0 0.71 

e 8
B 0.0 0.3 -1.4 -1.5 0.0 0.71  # Front Porch Wall
B 0.9 1.2 -1.4 -1.5 0.0 0.71 
B 0.3 0.9 -1.4 -1.5 0.0 0.275 
B 0.3 0.9 -1.4 -1.5 0.6 0.71 
e 0

B -0.45 -0.3 -1.4 -1.5 0.0 0.71 
B -0.49 -0.4 -1.9 -1.5 0.05 0.71 
B 1.1 1.2 1.5 1.8 0.6 0.7 
B -0.3 0.0 -1.5 -1.4 0.6 0.71 

# Outside Wall Wood
y 6.0
l 0.75 1.0 1.0 1.0 1.0 46 1 # wood2
e 4
B -1.75 -1.6 -1.9 -1.89 0.2 0.6 # Front Driveway Wall
B -1.4 -1.2 -1.9 -1.89 0.2 0.6
B -1.0 -0.8 -1.9 -1.89 0.2 0.6
B -0.6 -0.45 -1.9 -1.89 0.2 0.6
B -1.75 -0.45 -1.9 -1.89 0.05 0.2
B -1.75 -0.45 -1.9 -1.89 0.6 0.71
y 4.0

# Outside Wall Plaster
e 16
y 9.0
l 0.7 1.0 1.0 1.0 1.0 49 1 # plaster
B -1.7 -1.69 -1.95 -1.2 0.05 0.71 # Left Side Wall
B -1.7 -1.69 -1.0 0.1 0.05 0.71 
B -1.7 -1.69 0.7 2.75 0.05 0.71 
B -1.7 -1.69 -1.2 0.7 0.05 0.35 
B -1.7 -1.69 -1.2 -1.0 0.55 0.71 
B -1.7 -1.69 0.1 0.7 0.6 0.71 

e 8
B -1.75 -1.4 2.69 2.7 0.05 0.71  # Back Wall
B -0.8 -0.3 2.69 2.7 0.35 0.6 
B -0.1 0.35 2.69 2.7 0.05 0.6 
B 0.75 1.15 2.69 2.7 0.05 0.71 
B -1.4 0.0 2.69 2.7 0.05 0.35 
B 0.25 0.75 2.69 2.7 0.05 0.3 
B -1.4 0.75 2.69 2.7 0.6 0.71 
B -0.3 -0.1 2.69 2.7 0.575 0.6 

e 32
B 1.09 1.1 1.8 2.75 0.025 0.71  # Right Side Wall
B 1.09 1.1 -1.4 1.5 0.025 0.71 

e 4
B 0.0 0.3 -1.4 -1.39 0.05 0.71  # Front Porch Wall
B 0.9 1.15 -1.4 -1.39 0.05 0.71 
B 0.3 0.9 -1.4 -1.39 0.05 0.275 
B 0.3 0.9 -1.4 -1.39 0.6 0.71 
e 0

B -0.5 -0.3 -1.4 -1.39 0.05 0.71 
B -0.5 -0.49 -1.9 -1.4 0.05 0.71 
B 1.09 1.1 1.5 1.8 0.6 0.7 
B -0.3 0.0 -1.4 -1.39 0.6 0.71 


# Front Porch Stuff
y 1.0
l 0.9 0.05 0.05 0.05 1.0 -1 1 # black metal
e 8
B 0.15 0.29 -1.51 -1.5 0.25 0.625 # Shutters
B 0.91 1.05 -1.51 -1.5 0.25 0.625
e 0

y 3.0
l 0.9 1.0 1.0 1.0 1.0 16 1 # brick
B 0.3 0.9 -1.65 -1.5 0.1 0.225  # Seat on Front Porch

# Outside Walls Bottom
e 8
B -1.8 1.2 -2.0 -1.9 -0.7 0.0  # Brick Outer
e 32
B -1.8 -1.7 -1.9 -1.67 -0.7 0.0
B -1.8 -1.7 -1.47 2.7 -0.7 0.0
B -1.8 -1.7 -1.67 -1.47 -0.7 -0.2 
B -1.8 -1.7 -1.67 -1.47 -0.1 0.0
e 4
B -1.8 0.3 2.7 2.8 -0.7 0.0
B 0.9 1.2 2.7 2.8 -0.7 0.0
B 0.3 0.9 2.7 2.8 -0.1 0.0
e 16
B 1.1 1.2 -2.0 2.8 -0.7 0.0
e 0

# Paneling
y 10.0
l 0.6 1.0 1.0 1.0 1.0 26 1 # paneling
e 16
B -1.7 -1.68 -0.05 1.85 -0.6 0.025
e 8
B -1.05 0.3 2.68 2.7 -0.6 0.025
B 0.9 1.15 2.68 2.7 -0.6 0.025
B 0.3 0.9 2.68 2.7 -0.1 0.025
e 32
B 1.07 1.1 -1.45 2.75 -0.6 0.025
e 0

# Concrete Block Inner
y 10.0
l 0.9 1.0 1.0 1.0 1.0 27 1 # concrete block
e 4
B -1.75 1.15 -1.9 -1.88 -0.6 0.025
e 16
B -1.7 -1.68 -1.95 -1.67 -0.6 0.025
B -1.7 -1.68 -1.47 -0.05 -0.6 0.025
B -1.7 -1.68 -1.77 -1.37 -0.6 -0.2
B -1.7 -1.68 -1.77 -1.37 -0.1 0.025
e 32
B 1.08 1.1 -1.95 -1.45 -0.6 0.025
e 0
B -0.5 -0.4 -1.9 -1.75 -0.6 0.0

# laundry room outside wall
e 16
B -1.7 -1.68 1.85 2.75 -0.6 0.025
e 8
B -1.75 -1.05 2.68 2.7 -0.6 0.025
e 0

# Inside Walls Top
y 6.0
l 0.7 0.3 0.2 0.1 1.0 16 1 # Closet Separator
B -1.2 -1.0 -0.5 -0.4 0.05 0.7
y 6.0
l 0.7 0.4 0.3 0.1 1.0 11 1 # wood
B -1.2 -1.0 -0.4 -0.1 0.05 0.15
y 9.0
l 0.7 1.0 1.0 1.0 1.0 49 1 # plaster
B -0.5 -0.4 -1.0 -0.1 0.05 0.7
B -1.7 0.2 -0.1 0.0 0.05 0.7 
B 0.6 1.1 -0.1 0.0 0.05 0.7 
B -0.1 0.0 0.0 0.7 0.05 0.7 
B -0.5 -0.1 0.6 0.7 0.05 0.7 
B -1.7 -0.4 1.0 1.1 0.05 0.7 
B -0.8 -0.7 1.1 1.4 0.05 0.7 
B -0.8 -0.4 1.4 1.5 0.05 0.7 
B -0.1 0.0 1.1 1.5 0.05 0.7 
B 0.8 1.1 0.3 0.4 0.05 0.7 
B 0.7 0.8 0.3 1.5 0.05 0.7 
B -0.5 -0.4 1.8 2.7 0.05 0.7 
B -0.1 0.1 1.8 1.9 0.05 0.7 
B 0.0 0.1 1.9 2.7 0.05 0.7 
B -0.5 -0.4 -1.4 -1.3 0.05 0.7 

B 0.2 0.6 -0.1 0.0 0.6 0.7  # Arches
B 0.0 0.7 1.4 1.5 0.6 0.7 
B 0.8 1.1 1.4 1.5 0.6 0.7 
B -0.1 0.0 0.7 1.1 0.6 0.7 
B -0.5 -0.4 -1.3 1.8 0.6 0.7 

B 0.7 0.8 0.0 0.3 0.6 0.7 
B -0.4 -0.1 1.8 1.9 0.6 0.7 

# Short Walls
B 0.0 0.1 -1.4 -0.9 0.05 0.3 # Spindles Wall
B 0.0 0.4 1.4 1.5 0.05 0.3 
l 0.95 1.0 1.0 1.0 1.0 8 1 # Marble
B 0.0 0.41 1.39 1.51 0.3 0.31

y 4.0
l 0.7 0.6 0.6 0.6 1.0 46 1 # wood2
C 0.05 -1.25 0.3 0.05 -1.25 0.7 0.015 0.015
C 0.05 -1.1 0.3 0.05 -1.1 0.7 0.015 0.015
C 0.05 -0.95 0.3 0.05 -0.95 0.7 0.015 0.015

# Inside Walls Bottom
y 10.0
l 0.6 1.0 1.0 1.0 1.0 26 1 # paneling
e 4
B -0.5 1.1 -1.5 -1.4 -0.6 0.0
e 0
B -0.5 -0.4 -1.4 0.9 -0.6 0.0 
e 16
B -1.7 -0.8 -0.1 0.0 -0.6 0.0 
e 0
B -0.4 0.2 0.8 0.9 -0.6 0.0 
B 0.5 0.8 0.8 0.9 -0.6 0.0 
B 0.7 0.8 0.7 1.5 -0.6 0.0 
B -1.7 -1.0 1.8 1.9 -0.6 0.0 
B -1.1 -1.0 2.2 2.7 -0.6 0.0 
B -0.6 0.1 2.2 2.3 -0.6 0.0 
B -0.5 0.1 1.8 1.9 -0.6 0.0 
B 0.0 0.1 1.8 2.7 -0.6 0.0 

B 0.1 0.7 0.8 0.9 -0.1 0.0  # Arches/Beam
B -0.45 -0.2 -1.45 1.85 -0.1 0.0 

# Concrete
l 0.9 1.0 1.0 1.0 1.0 27 1 # concrete
e 32
B -0.51 -0.5 -1.51 0.0 -0.6 0.0
e 8
B -1.75 -0.8 -0.11 -0.1 -0.6 0.0
e 8
B -0.5 1.15 -1.51 -1.5 -0.6 0.0
e 0

l 0.5 0.6 0.4 0.2 1.0 45 1
B  0.8 1.1 -1.9 -1.5 -0.6 -0.58 # Junk in back room


# Stairs
l 0.7 0.36 0.22 0.15 1.0 45 1 # Downstairs Carpet
B 0.8 1.1 1.4 1.5 -0.05 0.05
B 0.8 1.1 1.3 1.4 -0.1 0.0
B 0.8 1.1 1.2 1.3 -0.15 -0.05
B 0.8 1.1 1.1 1.2 -0.2 -0.1
B 0.8 1.1 1.0 1.1 -0.25 -0.15
B 0.8 1.1 0.9 1.0 -0.3 -0.2
B 0.8 1.1 0.8 0.9 -0.35 -0.25
B 0.8 1.1 0.7 0.8 -0.4 -0.3
B 0.8 1.1 0.6 0.7 -0.45 -0.35
B 0.8 1.1 0.5 0.6 -0.5 -0.4
B 0.8 1.1 0.4 0.5 -0.55 -0.45
B 0.8 1.1 0.3 0.4 -0.59 -0.5
B 0.8 1.1 0.2 0.3 -0.59 -0.55

# Wall/Railing by Stairs
y 10.0
l 0.6 1.0 1.0 1.0 1.0 26 1 # paneling
B 0.79 0.8 0.2 0.3 -0.59 -0.5
B 0.79 0.8 0.3 0.4 -0.59 -0.45
B 0.79 0.8 0.4 0.5 -0.59 -0.4
B 0.79 0.8 0.5 0.6 -0.59 -0.35
B 0.79 0.8 0.6 0.7 -0.59 -0.3

# Roof
y 3.5
l 0.75 0.6 0.6 0.6 1.0 25 1 # shingles
P 3 1.31 -2.11 0.75  -1.91 -2.11 0.75  -0.3 -0.2 1.45  0.0
P 3 -0.3 1.0 1.45  -1.91 2.91 0.75  1.31 2.91 0.75  0.0
P 4 -1.91 -2.11 0.75  -1.91 2.91 0.75 -0.3 1.0 1.45  -0.3 -0.2 1.45  0.0
P 4 1.31 -2.11 0.75  -0.3 -0.2 1.45  -0.3 1.0 1.45  1.31 2.91 0.75  0.0
y 1.0

# p 3 -1.0 -3.0 0.0 1.0 -3.0 0.0 0.0 -3.0 1.0  0.025 0.75 0.6 0.6 0.6 1.0 25 1 # Testing

# Windows
l 0.7 1.0 1.0 1.0 0.6 8 1 # Glass Block
B -1.78 -1.72 -1.21 -0.99 0.34 0.56

# Back Porch
y 2.0
l 0.9 0.35 0.32 0.3 1.0 45 1 # concrete
a 0 # Not Destroyable
B 0.1 1.1 2.8 4.0 -0.7 -0.65
a 1
B 0.3 0.9 2.7 2.8 -0.7 -0.6
y 6.0
l 0.9 0.6 0.6 0.6 1.0 27 1 # Back Porch Wall
B 0.0 0.1 2.8 4.0 -0.7 -0.5
B 0.1 0.25 3.9 4.0 -0.7 -0.5

# Back Porch Roof
y 3.8
l 0.75 0.9 0.9 0.9 1.0 25 1 # light shingles
P 3 0.65 3.4 0.2  0.1 4.1 -0.1  1.2 4.1-0.1  0.0
P 4 0.65 2.8 0.2  0.1 2.8 -0.1  0.1 4.1 -0.1  0.65 3.4 0.2  0.0
P 4 0.65 2.8 0.2  0.65 3.4 0.2  1.2 4.1 -0.1  1.2 2.8 -0.1  0.0

# Back Porch Supports
l 0.75 0.6 0.5 0.1 1.0 11 1 # wood
B 0.15 0.2 4.0 4.05 -0.7 -0.1
B 1.1 1.15 4.0 4.05 -0.7 -0.1
B 0.15 0.2 2.8 4.05 -0.15 -0.1
B 1.1 1.15 2.8 4.05 -0.15 -0.1
B 0.15 1.15 4.0 4.05 -0.15 -0.1
y 1.0


# Kitchen Porch
y 4.0
l 0.9 0.4 0.35 0.25 1.0 45 1 # concrete v2
B 1.1 1.2 1.5 1.8 0.0 0.1
B 1.2 1.6 1.4 1.9 -0.7 0.1
B 1.2 1.6 -0.1 0.9 -0.7 -0.2

# Kitchen Porch Stairs
B 1.2 1.5 1.3 1.4 -0.7 0.05
B 1.2 1.5 1.2 1.3 -0.7 0.0
B 1.2 1.5 1.1 1.2 -0.7 -0.05
B 1.2 1.5 1.0 1.1 -0.7 -0.1
B 1.2 1.5 0.9 1.0 -0.7 -0.15

# Kitchen Porch Railing
l 0.85 0.1 0.1 0.1 1.0 -1 1 # black painted metal
B 1.588 1.6 1.4 1.412 0.1 0.25
B 1.588 1.6 1.888 1.9 0.1 0.25
B 1.5 1.512 1.4 1.412 0.1 0.25
B 1.2 1.6 1.888 1.9 0.25 0.262
B 1.5 1.6 1.4 1.412 0.25 0.262
B 1.588 1.6 1.4 1.9 0.25 0.262
B 1.2 1.6 1.888 1.9 0.18 0.192
B 1.5 1.6 1.4 1.412 0.18 0.192
B 1.588 1.6 1.4 1.9 0.18 0.192

# Garbage Cans
l 0.6 0.0 0.1 0.0 1.0 -1 1
C 1.35 0.05 -0.2 1.35 0.05 0.05 0.08 0.08
C 1.35 0.25 -0.2 1.35 0.25 0.05 0.08 0.08

# Chimney
y 3.0
l 0.9 1.0 1.0 1.0 1.0 16 1 # brick
B 1.2 1.4 -0.5 -0.2 -0.7 1.2
B 1.2 1.4 -0.6 -0.1 -0.7 0.0
B 1.2 1.4 -0.65 -0.05 -0.7 -0.1

# Fireplace
B 0.9 1.35 -0.55 -0.15 -0.6 -0.3

# Negative Cubes
n 1
B 0.8 1.3 -0.5 -0.2 -0.56 -0.33
B 1.25 1.35 -0.45 -0.25 -0.33 1.2
n 0
y 1.0

# Front Columns
l 0.7 1.0 1.0 1.0 1.0 -1 1 # white painted metal
e 1 # no top/bottom
C 1.15 -1.95 0.1 1.15 -1.95 0.7 0.05 0.05
C 0.4 -1.95 0.1 0.4 -1.95 0.7 0.05 0.05
e 0
B 1.1 1.2 -2.0 -1.9 0.1 0.12
B 0.35 0.45 -2.0 -1.9 0.1 0.12
B 1.1 1.2 -2.0 -1.9 0.68 0.7
B 0.35 0.45 -2.0 -1.9 0.68 0.7

# Driveway
y 4.0
l 0.9 1.0 1.0 1.0 1.0 47 1 # pink brick
e 1
a 0 # Not Destroyable
B -1.7 -0.4 -5.0 -2.0 -0.1 0.045
B -0.4 -0.1 -2.5 -2.0 -0.1 0.045
a 1
e 0

# Front Fence
y 5.0
l 0.7 0.7 0.4 0.2 1.0 11 1 # wood
C -0.225 -4.825 -0.1 -0.225 -4.825 0.3 0.03 0.03
C 0.425 -4.825 -0.1 0.425 -4.825 0.3 0.03 0.03
C 1.025 -4.825 -0.1 1.025 -4.825 0.3 0.03 0.03
C 1.625 -4.825 -0.1 1.625 -4.825 0.3 0.03 0.03
B -0.225 1.625 -4.845 -4.805 0.22 0.26
B -0.225 1.625 -4.845 -4.805 0.08 0.12
y 1.0

# Telephone Pole, Manhole, & Wires
l 0.7 0.65 0.3 0.15 1.0 11 1
C 1.65 5.3 -0.8 1.65 5.3 2.2 0.06 0.06 # Telephone Pole
y 7.28
l 0.9 0.4 0.2 0.1 1.0 17 1
C 1.424 5.258 -0.8 1.424 5.258 -0.657 0.105 0.105 # Manhole
y 1.0
l 0.25 0.1 0.1 0.1 1.0 -1 1 # black plastic
e 1
C 1.65 5.3 1.5 1.15 2.8 0.62 0.012 0.012
C 1.15 2.804 -0.3 1.15 2.804 0.62 0.012 0.012
e 0

# Back Fence
y 4.0
l 0.6 1.0 1.0 1.0 1.0 36 1 # wooden slats
B -1.9 5.0 6.6 6.8 -0.7 -0.3 # main section
B -2.0 -1.9 6.6 6.8 -0.7 -0.35 # steps 1
B -2.1 -2.0 6.6 6.8 -0.7 -0.4
B -2.2 -2.1 6.6 6.8 -0.7 -0.45
B -2.3 -2.2 6.6 6.8 -0.7 -0.5
B -2.4 -2.3 6.6 6.8 -0.7 -0.55
B 5.0 5.1 6.6 6.8 -0.7 -0.35 # steps 2
B 5.1 5.2 6.6 6.8 -0.7 -0.4
B 5.2 5.3 6.6 6.8 -0.7 -0.45
B 5.3 5.4 6.6 6.8 -0.7 -0.5
B 5.4 5.5 6.6 6.8 -0.7 -0.55
B 5.5 5.6 6.6 6.8 -0.7 -0.6
B 5.6 5.7 6.6 6.8 -0.7 -0.65

# Pine Trees
l 0.1 0.0 0.25 0.05 1.0 0 1 # pine tree leaves
e 1
C 0.1 -2.18 -0.05 0.1 -2.18 0.75 0.28 0.0 # Front Yard
C 1.0 -2.18 -0.05 1.0 -2.18 0.75 0.28 0.0
e 0
B 0.13 0.97 -2.33 -2.0 -0.1 0.23

e 1
C -0.12 3.1 -0.65 -0.12 3.1 -0.35 0.15 0.15 # Back Yard
C -0.12 3.4 -0.65 -0.12 3.4 -0.35 0.15 0.15
C -0.12 3.7 -0.65 -0.12 3.7 -0.35 0.15 0.15
e 0

S -0.12 3.1 -0.35 0.15
S -0.12 3.4 -0.35 0.15
S -0.12 3.7 -0.35 0.15

# Hedges
B -2.2 -2.0 -4.8 -2.5 0.0 0.2 # Front Main 1
B -3.2 -2.0 -4.8 -4.6 0.0 0.2 # Front Main 2
B -3.3 -3.2 -4.8 -4.6 0.0 0.15
B -3.4 -3.3 -4.8 -4.6 0.0 0.1
B -3.5 -3.4 -4.8 -4.6 0.0 0.05

B -5.5 -2.2 3.4 3.65 -0.3 0.25 # Back
B -5.6 -5.5 3.4 3.65 -0.3 0.2
B -5.7 -5.6 3.4 3.65 -0.3 0.15
B -5.8 -5.7 3.4 3.65 -0.3 0.1

# Wall
y 4.0
l 0.85 0.4 0.4 0.4 1.0 27 1 # Block
B -4.8 -2.0 3.6 3.95 -0.5 -0.2

# Street
y 1.0
l 0.85 0.2 0.2 0.2 1.0 45 1 # asphalt
e 1
a 0 # Not Destroyable
B -6.8 6.8 -6.9 -5.0 -0.2 0.0525
a 1
e 0
#C -6.7 -5.0 0.025 6.7 -5.0 0.025 0.03 0.03


# Other Stuff
l 0.4 0.7 0.7 0.7 1.0 -1 1 # metal
e 1
C -1.83 2.5 -0.09 -1.65 2.5 -0.09 0.03 0.03 # Laundry Vent
C -0.05 1.85 0.7 -0.05 1.85 1.2 0.03 0.03 # Furnace Vent
e 0


# Closets
y 8.0
l 0.8 0.6 0.5 0.35 1.0 46 1
B -1.69 -1.21 -0.48 -0.42 0.1 0.7
B -0.99 -0.83 -0.48 -0.42 0.1 0.7
B -1.43 -0.81 1.42 1.48 0.1 0.7
B -0.48 -0.42 0.01 0.33 0.1 0.7


# Furniture
l 0.8 0.8 0.6 0.4 1.0 8 1
C 0.85 2.1 0.23 0.85 2.1 0.25 0.21 0.21 # Kitchen Table (need marble texture?)
l 0.9 0.0 0.0 0.0 1.0 -1 1
C 0.85 2.1 0.09 0.85 2.1 0.23 0.02 0.02


l 0.5 1.0 1.0 1.0 1.0 -1 0
B -2.0 -1.8 -1.77 -1.37 -0.3 -0.15 # Invisible block so that smileys don't get stuck in the hole

q # Quit

# *** TESTING ***
n 1
l 0.0 1.0 1.0 1.0 0.4 -1 1
B -2.0 2.0 0.0 0.5 0.2 0.8 # negative cube
n 0

n 1
B -2.0 2.0 -0.2 0.2 2.8 3.2 # negative cube
B -0.8 0.8 -0.8 0.8 2.2 3.8 # negative cube
n 0
B -1.0 1.0 -1.0 1.0 2.0 4.0 # positive cube
# *** END TESTING ***

